"nt"	"nds"
1	3802.708156149257
2	3934.9547769759315
3	3922.676918195598
4	3766.7072155519704
5	3489.705787200067
6	3138.53412984348
7	2790.198723185251
8	2559.196233832561
9	2351.2789486196993
10	2287.167992510063
11	2171.693086378258
12	2153.092480672711
13	2200.6043861187363
14	2314.6052657986024
15	2500.010364165542
16	2725.8197097899333
17	3061.318265907155
18	3396.890053128649
19	3658.4945938686265
20	3801.143196546132
21	3803.396430722374
22	3664.856555885891
23	3406.1864506291163
24	3071.436490252288
25	2733.914632291045
26	2503.1091173167474
27	2318.0591886877123
28	2204.517390109378
29	2157.596101786762
30	2176.985203110559
31	2298.7511919156577
32	2358.5531312070166
33	2568.4119710858126
34	2817.6755435236105
35	3182.3950325684727
