Gaussian Denoiser Window Size: 1
Predicted sites number: 4 
Predicted nucleotides number: 5 

Site#1:
1,2
Site#2:
12
Site#3:
21
Site#4:
29

extremaRank	extremaLoc	extremaNt	extremaNDS_gd
1	12	12	2153.09
2	29	29	2157.6
3	1	1	3802.71
4	21	21	3803.4
5	2	2	3934.95

Gaussian Denoised Signal:
1	1	3802.71
2	2	3934.95
3	3	3922.68
4	4	3766.71
5	5	3489.71
6	6	3138.53
7	7	2790.2
8	8	2559.2
9	9	2351.28
10	10	2287.17
11	11	2171.69
12	12	2153.09
13	13	2200.6
14	14	2314.61
15	15	2500.01
16	16	2725.82
17	17	3061.32
18	18	3396.89
19	19	3658.49
20	20	3801.14
21	21	3803.4
22	22	3664.86
23	23	3406.19
24	24	3071.44
25	25	2733.91
26	26	2503.11
27	27	2318.06
28	28	2204.52
29	29	2157.6
30	30	2176.99
31	31	2298.75
32	32	2358.55
33	33	2568.41
34	34	2817.68
35	35	3182.4
====================

Gaussian Denoiser Window Size: 2
Predicted sites number: 4 
Predicted nucleotides number: 5 

Site#1:
1,3
Site#2:
12
Site#3:
21
Site#4:
30

extremaRank	extremaLoc	extremaNt	extremaNDS_gd
1	12	12	2162.39
2	30	30	2167.29
3	21	21	3802.27
4	1	1	3802.71
5	3	3	3928.82

Gaussian Denoised Signal:
1	1	3802.71
2	2	3868.83
3	3	3928.82
4	4	3844.69
5	5	3628.21
6	6	3314.12
7	7	2964.37
8	8	2674.7
9	9	2455.24
10	10	2319.22
11	11	2229.43
12	12	2162.39
13	13	2176.85
14	14	2257.6
15	15	2407.31
16	16	2612.92
17	17	2893.57
18	18	3229.1
19	19	3527.69
20	20	3729.82
21	21	3802.27
22	22	3734.13
23	23	3535.52
24	24	3238.81
25	25	2902.68
26	26	2618.51
27	27	2410.58
28	28	2261.29
29	29	2181.06
30	30	2167.29
31	31	2237.87
32	32	2328.65
33	33	2463.48
34	34	2693.04
35	35	3000.04
====================

