Gaussian Denoiser Window Size: 1
Predicted sites number: 4 
Predicted nucleotides number: 5 

Site#1:
1,2
Site#2:
12
Site#3:
21
Site#4:
29

extremaRank	extremaLoc	extremaNt	extremaNDS_gd
1	12	12	2153.09
2	29	29	2157.6
3	1	1	3802.71
4	21	21	3803.4
5	2	2	3934.95

Gaussian Denoised Signal:
1	1	3802.71
2	2	3934.95
3	3	3922.68
4	4	3766.71
5	5	3489.71
6	6	3138.53
7	7	2790.2
8	8	2559.2
9	9	2351.28
10	10	2287.17
11	11	2171.69
12	12	2153.09
13	13	2200.6
14	14	2314.61
15	15	2500.01
16	16	2725.82
17	17	3061.32
18	18	3396.89
19	19	3658.49
20	20	3801.14
21	21	3803.4
22	22	3664.86
23	23	3406.19
24	24	3071.44
25	25	2733.91
26	26	2503.11
27	27	2318.06
28	28	2204.52
29	29	2157.6
30	30	2176.99
31	31	2298.75
32	32	2358.55
33	33	2568.41
34	34	2817.68
35	35	3182.4
====================

Gaussian Denoiser Window Size: 2
Predicted sites number: 4 
Predicted nucleotides number: 5 

Site#1:
1,3
Site#2:
12
Site#3:
21
Site#4:
30

extremaRank	extremaLoc	extremaNt	extremaNDS_gd
1	12	12	2162.39
2	30	30	2167.29
3	21	21	3802.27
4	1	1	3802.71
5	3	3	3928.82

Gaussian Denoised Signal:
1	1	3802.71
2	2	3868.83
3	3	3928.82
4	4	3844.69
5	5	3628.21
6	6	3314.12
7	7	2964.37
8	8	2674.7
9	9	2455.24
10	10	2319.22
11	11	2229.43
12	12	2162.39
13	13	2176.85
14	14	2257.6
15	15	2407.31
16	16	2612.92
17	17	2893.57
18	18	3229.1
19	19	3527.69
20	20	3729.82
21	21	3802.27
22	22	3734.13
23	23	3535.52
24	24	3238.81
25	25	2902.68
26	26	2618.51
27	27	2410.58
28	28	2261.29
29	29	2181.06
30	30	2167.29
31	31	2237.87
32	32	2328.65
33	33	2463.48
34	34	2693.04
35	35	3000.04
====================

Gaussian Denoiser Window Size: 3
Predicted sites number: 4 
Predicted nucleotides number: 5 

Site#1:
1,2
Site#2:
12
Site#3:
21
Site#4:
29

extremaRank	extremaLoc	extremaNt	extremaNDS_gd
1	12	12	2171.21
2	29	29	2175.77
3	21	21	3764.81
4	1	1	3838.95
5	2	2	3895.35

Gaussian Denoised Signal:
1	1	3838.95
2	2	3895.35
3	3	3883.3
4	4	3733.54
5	5	3469.38
6	6	3139.31
7	7	2822.36
8	8	2565.52
9	9	2390.69
10	10	2273.09
11	11	2198.24
12	12	2171.21
13	13	2218.83
14	14	2334.17
15	15	2511.08
16	16	2755.88
17	17	3061.34
18	18	3376.62
19	19	3625.89
20	20	3762.67
21	21	3764.81
22	22	3631.93
23	23	3385.34
24	24	3070.68
25	25	2763.16
26	26	2515.65
27	27	2337.66
28	28	2222.78
29	29	2175.77
30	30	2205.04
31	31	2281.77
32	32	2399.68
33	33	2579.21
34	34	2849.32
35	35	3082.44
====================

Gaussian Denoiser Window Size: 4
Predicted sites number: 4 
Predicted nucleotides number: 5 

Site#1:
1,3
Site#2:
12
Site#3:
21
Site#4:
30

extremaRank	extremaLoc	extremaNt	extremaNDS_gd
1	12	12	2184.31
2	30	30	2189.97
3	21	21	3764.46
4	1	1	3820.49
5	3	3	3890.06

Gaussian Denoised Signal:
1	1	3820.49
2	2	3867.18
3	3	3890.06
4	4	3809.09
5	5	3601.96
6	6	3304.53
7	7	2980.53
8	8	2693.58
9	9	2477.68
10	10	2331.65
11	11	2235.55
12	12	2184.31
13	13	2194.68
14	14	2276.15
15	15	2422.34
16	16	2633.1
17	17	2908.33
18	18	3219.17
19	19	3501.75
20	20	3694.94
21	21	3764.46
22	22	3699.04
23	23	3509.14
24	24	3228.21
25	25	2916.65
26	26	2639.01
27	27	2426.35
28	28	2279.86
29	29	2198.93
30	30	2189.97
31	31	2243.3
32	32	2340.5
33	33	2488.96
34	34	2713.87
35	35	2966.52
====================

Gaussian Denoiser Window Size: 5
Predicted sites number: 4 
Predicted nucleotides number: 5 

Site#1:
1,2
Site#2:
12
Site#3:
21
Site#4:
29

extremaRank	extremaLoc	extremaNt	extremaNDS_gd
1	12	12	2185.34
2	29	29	2190.22
3	21	21	3739.48
4	1	1	3841.54
5	2	2	3883.29

Gaussian Denoised Signal:
1	1	3841.54
2	2	3883.29
3	3	3857.46
4	4	3712.09
5	5	3457.07
6	6	3141.89
7	7	2833.05
8	8	2581.58
9	9	2400.53
10	10	2282.14
11	11	2206.71
12	12	2185.34
13	13	2231.58
14	14	2345.65
15	15	2524.15
16	16	2766.77
17	17	3063.29
18	18	3364.29
19	19	3604.8
20	20	3737.41
21	21	3739.48
22	22	3610.61
23	23	3372.62
24	24	3072.13
25	25	2773.95
26	26	2528.98
27	27	2349.44
28	28	2235.56
29	29	2190.22
30	30	2213.38
31	31	2290.62
32	32	2410.32
33	33	2596.8
34	34	2840.73
35	35	3059.87
====================

