"nt"	"nds"
1	4357.354057277111
2	3857.915846707185
3	3417.0514761445334
4	3037.1216839117806
5	2720.574087032453
6	2473.5283420911096
7	2316.818010719899
8	2258.4135564164712
9	2381.172554131711
10	2421.7339930705434
11	2611.870581979504
12	2870.909265035247
13	3194.4081915769007
14	3581.3181208553283
15	4037.8819937001426
16	4473.247705705252
17	4500.990164164411
18	4096.042713026698
19	3610.0849664514053
20	3225.135009730331
21	2903.4726901290824
22	2645.499090818042
23	2454.6954110191537
24	2488.953415173297
25	2493.9934554897045
26	2450.2937997631716
27	2364.589959302469
28	2275.6377586054405
29	2329.585101641018
30	2383.42818834958
31	2445.4310314250442
32	2496.3508868104764
33	2525.0250505052604
34	2774.075068081485
35	3088.072832956785
36	3464.5566321240062
37	3902.050499410336
38	4398.419316430154
