Gaussian Denoiser Window Size: 1
Predicted sites number: 7 
Predicted nucleotides number: 9 

Site#1:
1
Site#2:
7
Site#3:
12,14
Site#4:
18
Site#5:
23,25
Site#6:
29
Site#7:
35

extremaRank	extremaLoc	extremaNt	extremaNDS_gd
1	29	29	2185.81
2	7	7	2186.97
3	23	23	2464.42
4	14	14	2469.62
5	25	25	2493.89
6	12	12	2523.29
7	18	18	3839.46
8	35	35	3971.69
9	1	1	3973.65

Gaussian Denoised Signal:
1	1	3973.65
2	2	3519.5
3	3	3124.22
4	4	2790.2
5	5	2519.57
6	6	2315.85
7	7	2186.97
8	8	2265.86
9	9	2367.67
10	10	2454.99
11	11	2509.04
12	12	2523.29
13	13	2502.72
14	14	2469.62
15	15	2719.56
16	16	3045.97
17	17	3468.17
18	18	3839.46
19	19	3833.97
20	20	3456.92
21	21	3040.64
22	22	2714.24
23	23	2464.42
24	24	2488.8
25	25	2493.89
26	26	2455.94
27	27	2375.17
28	28	2270.36
29	29	2185.81
30	30	2314.2
31	31	2517.61
32	32	2788.14
33	33	3122.15
34	34	3517.48
35	35	3971.69
====================

Gaussian Denoiser Window Size: 2
Predicted sites number: 7 
Predicted nucleotides number: 9 

Site#1:
1
Site#2:
8
Site#3:
12,14
Site#4:
19
Site#5:
24,25
Site#6:
29
Site#7:
35

extremaRank	extremaLoc	extremaNt	extremaNDS_gd
1	8	8	2226.42
2	29	29	2228.08
3	24	24	2476.61
4	14	14	2486.17
5	25	25	2491.34
6	12	12	2516.16
7	35	35	3744.59
8	19	19	3836.72
9	1	1	3973.65

Gaussian Denoised Signal:
1	1	3973.65
2	2	3746.58
3	3	3321.86
4	4	2957.21
5	5	2654.89
6	6	2417.71
7	7	2251.41
8	8	2226.42
9	9	2316.77
10	10	2411.33
11	11	2482.01
12	12	2516.16
13	13	2513.01
14	14	2486.17
15	15	2594.59
16	16	2882.77
17	17	3257.07
18	18	3653.82
19	19	3836.72
20	20	3645.45
21	21	3248.78
22	22	2877.44
23	23	2589.33
24	24	2476.61
25	25	2491.34
26	26	2474.91
27	27	2415.55
28	28	2322.76
29	29	2228.08
30	30	2250
31	31	2415.91
32	32	2652.88
33	33	2955.15
34	34	3319.82
35	35	3744.59
====================

Gaussian Denoiser Window Size: 3
Predicted sites number: 6 
Predicted nucleotides number: 7 

Site#1:
1
Site#2:
7
Site#3:
12,13
Site#4:
18
Site#5:
29
Site#6:
35

extremaRank	extremaLoc	extremaNt	extremaNDS_gd
1	7	7	2243.92
2	29	29	2244.17
3	13	13	2499.29
4	12	12	2513.75
5	18	18	3736.2
6	35	35	3847.21
7	1	1	3849.18

Gaussian Denoised Signal:
1	1	3849.18
2	2	3535.64
3	3	3141.01
4	4	2807.58
5	5	2537.91
6	6	2336.36
7	7	2243.92
8	8	2272.14
9	9	2363.7
10	10	2445.87
11	11	2498.13
12	12	2513.75
13	13	2499.29
14	14	2547.2
15	15	2740.52
16	16	3072.23
17	17	3454.22
18	18	3736.2
19	19	3732.14
20	20	3446.17
21	21	3065.27
22	22	2735.23
23	23	2539.57
24	24	2483.51
25	25	2482.09
26	26	2444.2
27	27	2368.58
28	28	2275.91
29	29	2244.17
30	30	2334.76
31	31	2536.01
32	32	2805.54
33	33	3138.96
34	34	3533.62
35	35	3847.21
====================

Gaussian Denoiser Window Size: 4
Predicted sites number: 5 
Predicted nucleotides number: 5 

Site#1:
1
Site#2:
8
Site#3:
19
Site#4:
29
Site#5:
35

extremaRank	extremaLoc	extremaNt	extremaNDS_gd
1	8	8	2257.44
2	29	29	2259.44
3	35	35	3691.43
4	19	19	3736.09
5	1	1	3912.58

Gaussian Denoised Signal:
1	1	3912.58
2	2	3693.42
3	3	3338.02
4	4	2973.97
5	5	2672.41
6	6	2436.77
7	7	2289.41
8	8	2257.44
9	9	2317.9
10	10	2404.91
11	11	2472.19
12	12	2506.13
13	13	2506.64
14	14	2522.55
15	15	2642.94
16	16	2905.93
17	17	3263.11
18	18	3596.31
19	19	3736.09
20	20	3590.21
21	21	3255.59
22	22	2899.82
23	23	2636.5
24	24	2510.89
25	25	2482.96
26	26	2463.37
27	27	2406.56
28	28	2322.25
29	29	2259.44
30	30	2288.73
31	31	2435.02
32	32	2670.44
33	33	2971.93
34	34	3335.98
35	35	3691.43
====================

Gaussian Denoiser Window Size: 5
Predicted sites number: 5 
Predicted nucleotides number: 5 

Site#1:
1
Site#2:
7
Site#3:
18
Site#4:
29
Site#5:
35

extremaRank	extremaLoc	extremaNt	extremaNDS_gd
1	7	7	2265.68
2	29	29	2266.21
3	18	18	3683.37
4	35	35	3814.48
5	1	1	3816.46

Gaussian Denoised Signal:
1	1	3816.46
2	2	3518.89
3	3	3152.52
4	4	2819.57
5	5	2550.73
6	6	2357.25
7	7	2265.68
8	8	2284.49
9	9	2361.99
10	10	2440.28
11	11	2491.27
12	12	2508.14
13	13	2511.82
14	14	2573.07
15	15	2767.21
16	16	3081.2
17	17	3434.88
18	18	3683.37
19	19	3680.08
20	20	3427.72
21	21	3074.42
22	22	2761.12
23	23	2564.38
24	24	2494.58
25	25	2475.3
26	26	2437.16
27	27	2365.45
28	28	2287.81
29	29	2266.21
30	30	2355.96
31	31	2548.86
32	32	2817.56
33	33	3150.48
34	34	3516.87
35	35	3814.48
====================

