"nt"	"nds"
1	3973.652333631366
2	3519.5044782596183
3	3124.218072894078
4	2790.204888245029
5	2519.571420846327
6	2315.8474906262013
7	2186.9743834488804
8	2265.8635184846034
9	2367.6665538546613
10	2454.9885482128147
11	2509.0383329797273
12	2523.2875676133776
13	2502.7227805162643
14	2469.6249234184147
15	2719.5628715767552
16	3045.9714232264973
17	3468.1746445105346
18	3839.46067744041
19	3833.9747183495174
20	3456.915388084021
21	3040.6431609228152
22	2714.2374117131253
23	2464.4212756927604
24	2488.7974804660407
25	2493.8867757168887
26	2455.941900391479
27	2375.1660667256792
28	2270.355565174087
29	2185.8095045136615
30	2314.1988558067287
31	2517.614946101762
32	2788.1437314927834
33	3122.151846464475
34	3517.4799604460923
35	3971.6909228149393
