Gaussian Denoiser Window Size: 1
Predicted sites number: 7 
Predicted nucleotides number: 9 

Site#1:
1
Site#2:
7
Site#3:
12,14
Site#4:
18
Site#5:
23,25
Site#6:
29
Site#7:
35

extremaRank	extremaLoc	extremaNt	extremaNDS_gd
1	29	29	2185.81
2	7	7	2186.97
3	23	23	2464.42
4	14	14	2469.62
5	25	25	2493.89
6	12	12	2523.29
7	18	18	3839.46
8	35	35	3971.69
9	1	1	3973.65

Gaussian Denoised Signal:
1	1	3973.65
2	2	3519.5
3	3	3124.22
4	4	2790.2
5	5	2519.57
6	6	2315.85
7	7	2186.97
8	8	2265.86
9	9	2367.67
10	10	2454.99
11	11	2509.04
12	12	2523.29
13	13	2502.72
14	14	2469.62
15	15	2719.56
16	16	3045.97
17	17	3468.17
18	18	3839.46
19	19	3833.97
20	20	3456.92
21	21	3040.64
22	22	2714.24
23	23	2464.42
24	24	2488.8
25	25	2493.89
26	26	2455.94
27	27	2375.17
28	28	2270.36
29	29	2185.81
30	30	2314.2
31	31	2517.61
32	32	2788.14
33	33	3122.15
34	34	3517.48
35	35	3971.69
====================

Gaussian Denoiser Window Size: 2
Predicted sites number: 7 
Predicted nucleotides number: 9 

Site#1:
1
Site#2:
8
Site#3:
12,14
Site#4:
19
Site#5:
24,25
Site#6:
29
Site#7:
35

extremaRank	extremaLoc	extremaNt	extremaNDS_gd
1	8	8	2226.42
2	29	29	2228.08
3	24	24	2476.61
4	14	14	2486.17
5	25	25	2491.34
6	12	12	2516.16
7	35	35	3744.59
8	19	19	3836.72
9	1	1	3973.65

Gaussian Denoised Signal:
1	1	3973.65
2	2	3746.58
3	3	3321.86
4	4	2957.21
5	5	2654.89
6	6	2417.71
7	7	2251.41
8	8	2226.42
9	9	2316.77
10	10	2411.33
11	11	2482.01
12	12	2516.16
13	13	2513.01
14	14	2486.17
15	15	2594.59
16	16	2882.77
17	17	3257.07
18	18	3653.82
19	19	3836.72
20	20	3645.45
21	21	3248.78
22	22	2877.44
23	23	2589.33
24	24	2476.61
25	25	2491.34
26	26	2474.91
27	27	2415.55
28	28	2322.76
29	29	2228.08
30	30	2250
31	31	2415.91
32	32	2652.88
33	33	2955.15
34	34	3319.82
35	35	3744.59
====================

