"nt"	"nds"
1	1834.1762088209623
2	1555.023375883314
3	1333.2194163524837
4	1170.3573941753189
5	1067.0102785688944
6	1023.514882470914
7	1040.2361451181637
8	1117.859044249534
9	1258.1583037134305
10	1482.4460881930365
11	1714.4719733408979
12	1806.8659966654757
13	1714.4719733408976
14	1482.4460881930365
15	1258.1583037134308
16	1117.8590442495338
17	1040.236145118164
18	1023.5148824709138
19	1067.0102785688944
20	1170.3573941753189
21	1333.2194163524837
22	1555.023375883314
23	1834.1762088209625
