Gaussian Denoiser Window Size: 1
Predicted sites number: 5 
Predicted nucleotides number: 7 

Site#1:
1
Site#2:
8
Site#3:
17
Site#4:
23,25,28
Site#5:
38

extremaRank	extremaLoc	extremaNt	extremaNDS_gd
1	8	8	2258.41
2	28	28	2275.64
3	23	23	2454.7
4	25	25	2493.99
5	1	1	4357.35
6	38	38	4398.42
7	17	17	4500.99

Gaussian Denoised Signal:
1	1	4357.35
2	2	3857.92
3	3	3417.05
4	4	3037.12
5	5	2720.57
6	6	2473.53
7	7	2316.82
8	8	2258.41
9	9	2381.17
10	10	2421.73
11	11	2611.87
12	12	2870.91
13	13	3194.41
14	14	3581.32
15	15	4037.88
16	16	4473.25
17	17	4500.99
18	18	4096.04
19	19	3610.08
20	20	3225.14
21	21	2903.47
22	22	2645.5
23	23	2454.7
24	24	2488.95
25	25	2493.99
26	26	2450.29
27	27	2364.59
28	28	2275.64
29	29	2329.59
30	30	2383.43
31	31	2445.43
32	32	2496.35
33	33	2525.03
34	34	2774.08
35	35	3088.07
36	36	3464.56
37	37	3902.05
38	38	4398.42
====================

Gaussian Denoiser Window Size: 2
Predicted sites number: 6 
Predicted nucleotides number: 7 

Site#1:
1
Site#2:
8
Site#3:
17
Site#4:
24,25
Site#5:
29
Site#6:
38

extremaRank	extremaLoc	extremaNt	extremaNDS_gd
1	8	8	2287.62
2	29	29	2302.61
3	24	24	2471.82
4	25	25	2491.47
5	38	38	4150.23
6	1	1	4357.35
7	17	17	4487.12

Gaussian Denoised Signal:
1	1	4357.35
2	2	4107.63
3	3	3637.48
4	4	3227.09
5	5	2878.85
6	6	2597.05
7	7	2395.17
8	8	2287.62
9	9	2319.79
10	10	2401.45
11	11	2516.8
12	12	2741.39
13	13	3032.66
14	14	3387.86
15	15	3809.6
16	16	4255.56
17	17	4487.12
18	18	4298.52
19	19	3853.06
20	20	3417.61
21	21	3064.3
22	22	2774.49
23	23	2550.1
24	24	2471.82
25	25	2491.47
26	26	2472.14
27	27	2407.44
28	28	2320.11
29	29	2302.61
30	30	2356.51
31	31	2414.43
32	32	2470.89
33	33	2510.69
34	34	2649.55
35	35	2931.07
36	36	3276.31
37	37	3683.3
38	38	4150.23
====================

