Gaussian Denoiser Window Size: 1
Predicted sites number: 5 
Predicted nucleotides number: 7 

Site#1:
1
Site#2:
8
Site#3:
17
Site#4:
23,25,28
Site#5:
38

extremaRank	extremaLoc	extremaNt	extremaNDS_gd
1	8	8	2258.41
2	28	28	2275.64
3	23	23	2454.7
4	25	25	2493.99
5	1	1	4357.35
6	38	38	4398.42
7	17	17	4500.99

Gaussian Denoised Signal:
1	1	4357.35
2	2	3857.92
3	3	3417.05
4	4	3037.12
5	5	2720.57
6	6	2473.53
7	7	2316.82
8	8	2258.41
9	9	2381.17
10	10	2421.73
11	11	2611.87
12	12	2870.91
13	13	3194.41
14	14	3581.32
15	15	4037.88
16	16	4473.25
17	17	4500.99
18	18	4096.04
19	19	3610.08
20	20	3225.14
21	21	2903.47
22	22	2645.5
23	23	2454.7
24	24	2488.95
25	25	2493.99
26	26	2450.29
27	27	2364.59
28	28	2275.64
29	29	2329.59
30	30	2383.43
31	31	2445.43
32	32	2496.35
33	33	2525.03
34	34	2774.08
35	35	3088.07
36	36	3464.56
37	37	3902.05
38	38	4398.42
====================

Gaussian Denoiser Window Size: 2
Predicted sites number: 6 
Predicted nucleotides number: 7 

Site#1:
1
Site#2:
8
Site#3:
17
Site#4:
24,25
Site#5:
29
Site#6:
38

extremaRank	extremaLoc	extremaNt	extremaNDS_gd
1	8	8	2287.62
2	29	29	2302.61
3	24	24	2471.82
4	25	25	2491.47
5	38	38	4150.23
6	1	1	4357.35
7	17	17	4487.12

Gaussian Denoised Signal:
1	1	4357.35
2	2	4107.63
3	3	3637.48
4	4	3227.09
5	5	2878.85
6	6	2597.05
7	7	2395.17
8	8	2287.62
9	9	2319.79
10	10	2401.45
11	11	2516.8
12	12	2741.39
13	13	3032.66
14	14	3387.86
15	15	3809.6
16	16	4255.56
17	17	4487.12
18	18	4298.52
19	19	3853.06
20	20	3417.61
21	21	3064.3
22	22	2774.49
23	23	2550.1
24	24	2471.82
25	25	2491.47
26	26	2472.14
27	27	2407.44
28	28	2320.11
29	29	2302.61
30	30	2356.51
31	31	2414.43
32	32	2470.89
33	33	2510.69
34	34	2649.55
35	35	2931.07
36	36	3276.31
37	37	3683.3
38	38	4150.23
====================

Gaussian Denoiser Window Size: 3
Predicted sites number: 5 
Predicted nucleotides number: 5 

Site#1:
1
Site#2:
8
Site#3:
17
Site#4:
28
Site#5:
38

extremaRank	extremaLoc	extremaNt	extremaNDS_gd
1	8	8	2308.06
2	28	28	2314.8
3	1	1	4220.47
4	38	38	4262.38
5	17	17	4382.4

Gaussian Denoised Signal:
1	1	4220.47
2	2	3873.97
3	3	3433.75
4	4	3054.49
5	5	2739.62
6	6	2498.29
7	7	2343.76
8	8	2308.06
9	9	2358.64
10	10	2462.73
11	11	2630.75
12	12	2888.58
13	13	3211.79
14	14	3600.41
15	15	4032.07
16	16	4361.53
17	17	4382.4
18	18	4073.84
19	19	3637.77
20	20	3242.48
21	21	2920.93
22	22	2663.91
23	23	2516.38
24	24	2480.95
25	25	2480.64
26	26	2438.78
27	27	2363.7
28	28	2314.8
29	29	2329.56
30	30	2385.66
31	31	2442.39
32	32	2490.25
33	33	2585.42
34	34	2791.88
35	35	3105.2
36	36	3481.28
37	37	3918.19
38	38	4262.38
====================

Gaussian Denoiser Window Size: 4
Predicted sites number: 5 
Predicted nucleotides number: 5 

Site#1:
1
Site#2:
8
Site#3:
17
Site#4:
29
Site#5:
38

extremaRank	extremaLoc	extremaNt	extremaNDS_gd
1	29	29	2321.81
2	8	8	2325.2
3	38	38	4091.4
4	1	1	4290.19
5	17	17	4374.12

Gaussian Denoised Signal:
1	1	4290.19
2	2	4048.35
3	3	3653.55
4	4	3243.8
5	5	2896.72
6	6	2618.54
7	7	2420.54
8	8	2325.2
9	9	2333.1
10	10	2410.51
11	11	2546.18
12	12	2759.32
13	13	3049.85
14	14	3405.76
15	15	3816.12
16	16	4197.9
17	17	4374.12
18	18	4229.44
19	19	3855.75
20	20	3439.7
21	21	3081.38
22	22	2792.08
23	23	2589.39
24	24	2498.16
25	25	2480.99
26	26	2459.94
27	27	2401.36
28	28	2338.89
29	29	2321.81
30	30	2357.59
31	31	2414.04
32	32	2466.41
33	33	2537.33
34	34	2687.92
35	35	2948.21
36	36	3292.92
37	37	3699.42
38	38	4091.4
====================

Gaussian Denoiser Window Size: 5
Predicted sites number: 5 
Predicted nucleotides number: 5 

Site#1:
1
Site#2:
8
Site#3:
17
Site#4:
28
Site#5:
38

extremaRank	extremaLoc	extremaNt	extremaNDS_gd
1	8	8	2323.27
2	28	28	2325.92
3	1	1	4184.15
4	38	38	4226.32
5	17	17	4321.55

Gaussian Denoised Signal:
1	1	4184.15
2	2	3854.71
3	3	3445.22
4	4	3066.61
5	5	2753.5
6	6	2514.58
7	7	2366.33
8	8	2323.27
9	9	2370.16
10	10	2473.84
11	11	2647.87
12	12	2900.88
13	13	3224.11
14	14	3608.22
15	15	4011.98
16	16	4304.55
17	17	4321.55
18	18	4049.36
19	19	3644.79
20	20	3256.46
21	21	2933.07
22	22	2684.96
23	23	2536.25
24	24	2488.24
25	25	2472.9
26	26	2432.63
27	27	2368.94
28	28	2325.92
29	29	2337.78
30	30	2385.7
31	31	2440.75
32	32	2499.9
33	33	2605.18
34	34	2812.43
35	35	3117
36	36	3492.72
37	37	3899.12
38	38	4226.32
====================

