"nt"	"nds"
1	2233.9136446104003
2	1911.4166128970774
3	1646.8243143178915
4	1442.0998792288617
5	1298.647241548466
6	1219.3926808046965
7	1270.4174659639243
8	1309.4818524558511
9	1312.5669948878592
10	1289.2700524662962
11	1429.494960912413
12	1635.7079254428045
13	1940.9537481504703
14	2190.2164498743036
15	2178.2058404767035
16	1915.5486384605706
17	1623.2479394149673
18	1416.744007705078
19	1277.342310645508
20	1273.5864749466673
21	1213.4083082966272
22	1291.1150921765297
23	1434.294488075416
24	1639.315904572403
25	1904.3641050218869
26	2227.33582895543
