Gaussian Denoiser Window Size: 1
Predicted sites number: 5 
Predicted nucleotides number: 7 

Site#1:
1
Site#2:
6,9,10
Site#3:
14
Site#4:
21
Site#5:
26

extremaRank	extremaLoc	extremaNt	extremaNDS_gd
1	21	21	1213.41
2	6	6	1219.39
3	10	10	1289.27
4	9	9	1312.57
5	14	14	2190.22
6	26	26	2227.34
7	1	1	2233.91

Gaussian Denoised Signal:
1	1	2233.91
2	2	1911.42
3	3	1646.82
4	4	1442.1
5	5	1298.65
6	6	1219.39
7	7	1270.42
8	8	1309.48
9	9	1312.57
10	10	1289.27
11	11	1429.49
12	12	1635.71
13	13	1940.95
14	14	2190.22
15	15	2178.21
16	16	1915.55
17	17	1623.25
18	18	1416.74
19	19	1277.34
20	20	1273.59
21	21	1213.41
22	22	1291.12
23	23	1434.29
24	24	1639.32
25	25	1904.36
26	26	2227.34
====================

Gaussian Denoiser Window Size: 2
Predicted sites number: 5 
Predicted nucleotides number: 7 

Site#1:
1
Site#2:
7,9,10
Site#3:
15
Site#4:
21
Site#5:
26

extremaRank	extremaLoc	extremaNt	extremaNDS_gd
1	21	21	1243.5
2	7	7	1244.91
3	10	10	1300.92
4	9	9	1311.02
5	26	26	2065.85
6	15	15	2184.21
7	1	1	2233.91

Gaussian Denoised Signal:
1	1	2233.91
2	2	2072.67
3	3	1779.12
4	4	1544.46
5	5	1370.37
6	6	1259.02
7	7	1244.91
8	8	1289.95
9	9	1311.02
10	10	1300.92
11	11	1359.38
12	12	1532.6
13	13	1788.33
14	14	2065.59
15	15	2184.21
16	16	2046.88
17	17	1769.4
18	18	1520
19	19	1347.04
20	20	1275.46
21	21	1243.5
22	22	1252.26
23	23	1362.7
24	24	1536.81
25	25	1771.84
26	26	2065.85
====================

