Gaussian Denoiser Window Size: 1
Predicted sites number: 5 
Predicted nucleotides number: 7 

Site#1:
1
Site#2:
6,9,10
Site#3:
14
Site#4:
21
Site#5:
26

extremaRank	extremaLoc	extremaNt	extremaNDS_gd
1	21	21	1213.41
2	6	6	1219.39
3	10	10	1289.27
4	9	9	1312.57
5	14	14	2190.22
6	26	26	2227.34
7	1	1	2233.91

Gaussian Denoised Signal:
1	1	2233.91
2	2	1911.42
3	3	1646.82
4	4	1442.1
5	5	1298.65
6	6	1219.39
7	7	1270.42
8	8	1309.48
9	9	1312.57
10	10	1289.27
11	11	1429.49
12	12	1635.71
13	13	1940.95
14	14	2190.22
15	15	2178.21
16	16	1915.55
17	17	1623.25
18	18	1416.74
19	19	1277.34
20	20	1273.59
21	21	1213.41
22	22	1291.12
23	23	1434.29
24	24	1639.32
25	25	1904.36
26	26	2227.34
====================

Gaussian Denoiser Window Size: 2
Predicted sites number: 5 
Predicted nucleotides number: 7 

Site#1:
1
Site#2:
7,9,10
Site#3:
15
Site#4:
21
Site#5:
26

extremaRank	extremaLoc	extremaNt	extremaNDS_gd
1	21	21	1243.5
2	7	7	1244.91
3	10	10	1300.92
4	9	9	1311.02
5	26	26	2065.85
6	15	15	2184.21
7	1	1	2233.91

Gaussian Denoised Signal:
1	1	2233.91
2	2	2072.67
3	3	1779.12
4	4	1544.46
5	5	1370.37
6	6	1259.02
7	7	1244.91
8	8	1289.95
9	9	1311.02
10	10	1300.92
11	11	1359.38
12	12	1532.6
13	13	1788.33
14	14	2065.59
15	15	2184.21
16	16	2046.88
17	17	1769.4
18	18	1520
19	19	1347.04
20	20	1275.46
21	21	1243.5
22	22	1252.26
23	23	1362.7
24	24	1536.81
25	25	1771.84
26	26	2065.85
====================

Gaussian Denoiser Window Size: 3
Predicted sites number: 5 
Predicted nucleotides number: 5 

Site#1:
1
Site#2:
6
Site#3:
14
Site#4:
21
Site#5:
26

extremaRank	extremaLoc	extremaNt	extremaNDS_gd
1	21	21	1251.2
2	6	6	1255.1
3	14	14	2118.61
4	26	26	2138.82
5	1	1	2145.53

Gaussian Denoised Signal:
1	1	2145.53
2	2	1927.29
3	3	1663.23
4	4	1458.89
5	5	1316.24
6	6	1255.1
7	7	1267.14
8	8	1299.62
9	9	1305.34
10	10	1334.09
11	11	1447.58
12	12	1662.85
13	13	1925.61
14	14	2118.61
15	15	2109.51
16	16	1907.42
17	17	1646.76
18	18	1435.13
19	19	1314.52
20	20	1258.12
21	21	1251.2
22	22	1309.06
23	23	1451.24
24	24	1655.77
25	25	1920.24
26	26	2138.82
====================

Gaussian Denoiser Window Size: 4
Predicted sites number: 5 
Predicted nucleotides number: 5 

Site#1:
1
Site#2:
7
Site#3:
15
Site#4:
21
Site#5:
26

extremaRank	extremaLoc	extremaNt	extremaNDS_gd
1	21	21	1254.45
2	7	7	1260.82
3	26	26	2030.21
4	15	15	2115.37
5	1	1	2190.55

Gaussian Denoised Signal:
1	1	2190.55
2	2	2037.09
3	3	1794.96
4	4	1560.75
5	5	1387.25
6	6	1285.17
7	7	1260.82
8	8	1283.5
9	9	1302.64
10	10	1319.36
11	11	1390.24
12	12	1554.79
13	13	1794.12
14	14	2022.92
15	15	2115.37
16	16	2009.19
17	17	1776.95
18	18	1540.56
19	19	1374.31
20	20	1286.12
21	21	1254.45
22	22	1279.61
23	23	1379.82
24	24	1553.19
25	25	1787.7
26	26	2030.21
====================

Gaussian Denoiser Window Size: 5
Predicted sites number: 5 
Predicted nucleotides number: 5 

Site#1:
1
Site#2:
6
Site#3:
14
Site#4:
21
Site#5:
26

extremaRank	extremaLoc	extremaNt	extremaNDS_gd
1	21	21	1262.6
2	6	6	1268.25
3	14	14	2081.23
4	26	26	2116.43
5	1	1	2123.17

Gaussian Denoised Signal:
1	1	2123.17
2	2	1917.56
3	3	1674.46
4	4	1470.5
5	5	1331.76
6	6	1268.25
7	7	1271.33
8	8	1294.69
9	9	1310.2
10	10	1349.18
11	11	1467.11
12	12	1671.23
13	13	1912.34
14	14	2081.23
15	15	2073.83
16	16	1896.1
17	17	1655.59
18	18	1452.51
19	19	1325.83
20	20	1268.56
21	21	1262.6
22	22	1325.12
23	23	1462.97
24	24	1667.04
25	25	1910.49
26	26	2116.43
====================

