"nt"	"nds"
1	3155.4137388434506
2	3294.8187645291873
3	3141.920377789609
4	2775.7089784217737
5	2439.362681736351
6	2158.5067860592735
7	1939.5632677545111
8	1785.4596573134677
9	1802.1803280886397
10	1762.5847575563466
11	1684.5416117573236
12	1747.3358110610673
13	1771.2402464082566
14	1929.193744943821
15	2150.5593113979326
16	2434.626811508331
17	2811.616918718755
18	3133.1110754311535
19	3125.557740563813
20	2795.5459218419783
21	2426.571081253047
22	2141.859178084342
23	1920.273323575329
24	1764.0042817649392
25	1684.216047534542
26	1757.778360059066
27	1799.1205129832022
28	1785.1246821584389
29	1940.8921892130354
30	2162.45641511079
31	2447.676995164776
