Gaussian Denoiser Window Size: 1
Predicted sites number: 4 
Predicted nucleotides number: 9 

Site#1:
1,2
Site#2:
8,9,11
Site#3:
18
Site#4:
25,27,28

extremaRank	extremaLoc	extremaNt	extremaNDS_gd
1	25	25	1684.22
2	11	11	1684.54
3	28	28	1785.12
4	8	8	1785.46
5	27	27	1799.12
6	9	9	1802.18
7	18	18	3133.11
8	1	1	3155.41
9	2	2	3294.82

Gaussian Denoised Signal:
1	1	3155.41
2	2	3294.82
3	3	3141.92
4	4	2775.71
5	5	2439.36
6	6	2158.51
7	7	1939.56
8	8	1785.46
9	9	1802.18
10	10	1762.58
11	11	1684.54
12	12	1747.34
13	13	1771.24
14	14	1929.19
15	15	2150.56
16	16	2434.63
17	17	2811.62
18	18	3133.11
19	19	3125.56
20	20	2795.55
21	21	2426.57
22	22	2141.86
23	23	1920.27
24	24	1764
25	25	1684.22
26	26	1757.78
27	27	1799.12
28	28	1785.12
29	29	1940.89
30	30	2162.46
31	31	2447.68
====================

Gaussian Denoiser Window Size: 2
Predicted sites number: 4 
Predicted nucleotides number: 5 

Site#1:
1,2
Site#2:
12
Site#3:
19
Site#4:
26

extremaRank	extremaLoc	extremaNt	extremaNDS_gd
1	12	12	1715.94
2	26	26	1721
3	19	19	3129.33
4	1	1	3155.41
5	2	2	3225.12

Gaussian Denoised Signal:
1	1	3155.41
2	2	3225.12
3	3	3218.37
4	4	2958.81
5	5	2607.54
6	6	2298.93
7	7	2049.04
8	8	1862.51
9	9	1793.82
10	10	1782.38
11	11	1723.56
12	12	1715.94
13	13	1759.29
14	14	1850.22
15	15	2039.88
16	16	2292.59
17	17	2623.12
18	18	2972.36
19	19	3129.33
20	20	2960.55
21	21	2611.06
22	22	2284.22
23	23	2031.07
24	24	1842.14
25	25	1724.11
26	26	1721
27	27	1778.45
28	28	1792.12
29	29	1863.01
30	30	2051.67
31	31	2305.07
====================

Gaussian Denoiser Window Size: 3
Predicted sites number: 4 
Predicted nucleotides number: 5 

Site#1:
1,2
Site#2:
11
Site#3:
18
Site#4:
25

extremaRank	extremaLoc	extremaNt	extremaNDS_gd
1	11	11	1723.14
2	25	25	1726.24
3	18	18	3042.93
4	1	1	3193.62
5	2	2	3214.71

Gaussian Denoised Signal:
1	1	3193.62
2	2	3214.71
3	3	3083.46
4	4	2783.89
5	5	2454.57
6	6	2175.48
7	7	1957.33
8	8	1832.28
9	9	1786.75
10	10	1752.05
11	11	1723.14
12	12	1736.68
13	13	1807.98
14	14	1946.57
15	15	2167.74
16	16	2460.09
17	17	2796.41
18	18	3042.93
19	19	3037.18
20	20	2784.87
21	21	2449.66
22	22	2159.16
23	23	1938.17
24	24	1784.97
25	25	1726.24
26	26	1748.95
27	27	1783.95
28	28	1831.65
29	29	1958.93
30	30	2179.9
31	31	2369.51
====================

Gaussian Denoiser Window Size: 4
Predicted sites number: 4 
Predicted nucleotides number: 5 

Site#1:
1,2
Site#2:
12
Site#3:
19
Site#4:
26

extremaRank	extremaLoc	extremaNt	extremaNDS_gd
1	12	12	1729.65
2	26	26	1737.29
3	19	19	3041.73
4	1	1	3174.16
5	2	2	3204.56

Gaussian Denoised Signal:
1	1	3174.16
2	2	3204.56
3	3	3150.38
4	4	2934.15
5	5	2619.01
6	6	2314.72
7	7	2066.08
8	8	1894.2
9	9	1809.22
10	10	1769.64
11	11	1737.33
12	12	1729.65
13	13	1772.08
14	14	1876.77
15	15	2056.84
16	16	2313.52
17	17	2628.15
18	18	2920.65
19	19	3041.73
20	20	2911.95
21	21	2617.15
22	22	2304.03
23	23	2048.34
24	24	1861.21
25	25	1755.02
26	26	1737.29
27	27	1766.68
28	28	1807.51
29	29	1894.68
30	30	2069.08
31	31	2275.27
====================

Gaussian Denoiser Window Size: 5
Predicted sites number: 4 
Predicted nucleotides number: 4 

Site#1:
1
Site#2:
11
Site#3:
18
Site#4:
25

extremaRank	extremaLoc	extremaNt	extremaNDS_gd
1	11	11	1730.07
2	25	25	1740.79
3	18	18	2996.3
4	1	1	3188.72

Gaussian Denoised Signal:
1	1	3188.72
2	2	3187.56
3	3	3052.28
4	4	2777.66
5	5	2463.96
6	6	2186.93
7	7	1975.14
8	8	1846.26
9	9	1789.5
10	10	1753.61
11	11	1730.07
12	12	1748.58
13	13	1819.92
14	14	1962.31
15	15	2181.22
16	16	2467.84
17	17	2779.15
18	18	2996.3
19	19	2991.62
20	20	2768.81
21	21	2457.65
22	22	2172.3
23	23	1950.95
24	24	1802.93
25	25	1740.79
26	26	1751.74
27	27	1787.07
28	28	1845.65
29	29	1976.85
30	30	2172.98
31	31	2350.41
====================

