Gaussian Denoiser Window Size: 1
Predicted sites number: 4 
Predicted nucleotides number: 9 

Site#1:
1,2
Site#2:
8,9,11
Site#3:
18
Site#4:
25,27,28

extremaRank	extremaLoc	extremaNt	extremaNDS_gd
1	25	25	1684.22
2	11	11	1684.54
3	28	28	1785.12
4	8	8	1785.46
5	27	27	1799.12
6	9	9	1802.18
7	18	18	3133.11
8	1	1	3155.41
9	2	2	3294.82

Gaussian Denoised Signal:
1	1	3155.41
2	2	3294.82
3	3	3141.92
4	4	2775.71
5	5	2439.36
6	6	2158.51
7	7	1939.56
8	8	1785.46
9	9	1802.18
10	10	1762.58
11	11	1684.54
12	12	1747.34
13	13	1771.24
14	14	1929.19
15	15	2150.56
16	16	2434.63
17	17	2811.62
18	18	3133.11
19	19	3125.56
20	20	2795.55
21	21	2426.57
22	22	2141.86
23	23	1920.27
24	24	1764
25	25	1684.22
26	26	1757.78
27	27	1799.12
28	28	1785.12
29	29	1940.89
30	30	2162.46
31	31	2447.68
====================

Gaussian Denoiser Window Size: 2
Predicted sites number: 4 
Predicted nucleotides number: 5 

Site#1:
1,2
Site#2:
12
Site#3:
19
Site#4:
26

extremaRank	extremaLoc	extremaNt	extremaNDS_gd
1	12	12	1715.94
2	26	26	1721
3	19	19	3129.33
4	1	1	3155.41
5	2	2	3225.12

Gaussian Denoised Signal:
1	1	3155.41
2	2	3225.12
3	3	3218.37
4	4	2958.81
5	5	2607.54
6	6	2298.93
7	7	2049.04
8	8	1862.51
9	9	1793.82
10	10	1782.38
11	11	1723.56
12	12	1715.94
13	13	1759.29
14	14	1850.22
15	15	2039.88
16	16	2292.59
17	17	2623.12
18	18	2972.36
19	19	3129.33
20	20	2960.55
21	21	2611.06
22	22	2284.22
23	23	2031.07
24	24	1842.14
25	25	1724.11
26	26	1721
27	27	1778.45
28	28	1792.12
29	29	1863.01
30	30	2051.67
31	31	2305.07
====================

