Gaussian Denoiser Window Size: 1
Predicted sites number: 5 
Predicted nucleotides number: 7 

Site#1:
1,2,3
Site#2:
8
Site#3:
13
Site#4:
19
Site#5:
25

extremaRank	extremaLoc	extremaNt	extremaNDS_gd
1	8	8	1112.44
2	19	19	1113.13
3	2	2	1406.68
4	3	3	1419.07
5	1	1	1636.99
6	13	13	2009.22
7	25	25	2141.38

Gaussian Denoised Signal:
1	1	1636.99
2	2	1406.68
3	3	1419.07
4	4	1402.78
5	5	1352.4
6	6	1273.87
7	7	1183.45
8	8	1112.44
9	9	1168.55
10	10	1293.96
11	11	1484.48
12	12	1769.4
13	13	2009.22
14	14	2005.53
15	15	1761.97
16	16	1481.18
17	17	1291.09
18	18	1166.91
19	19	1113.13
20	20	1222.82
21	21	1327.86
22	22	1379.33
23	23	1606.46
24	24	1929.69
25	25	2141.38
====================

Gaussian Denoiser Window Size: 2
Predicted sites number: 5 
Predicted nucleotides number: 5 

Site#1:
1
Site#2:
9
Site#3:
14
Site#4:
19
Site#5:
25

extremaRank	extremaLoc	extremaNt	extremaNDS_gd
1	19	19	1140.02
2	9	9	1140.5
3	1	1	1636.99
4	14	14	2007.37
5	25	25	2035.54

Gaussian Denoised Signal:
1	1	1636.99
2	2	1521.84
3	3	1412.88
4	4	1410.93
5	5	1377.59
6	6	1313.13
7	7	1228.66
8	8	1147.94
9	9	1140.5
10	10	1231.25
11	11	1389.22
12	12	1626.94
13	13	1889.31
14	14	2007.37
15	15	1883.75
16	16	1621.58
17	17	1386.13
18	18	1229
19	19	1140.02
20	20	1167.98
21	21	1275.34
22	22	1353.59
23	23	1492.89
24	24	1768.08
25	25	2035.54
====================

Gaussian Denoiser Window Size: 3
Predicted sites number: 5 
Predicted nucleotides number: 5 

Site#1:
1
Site#2:
8
Site#3:
13
Site#4:
19
Site#5:
25

extremaRank	extremaLoc	extremaNt	extremaNDS_gd
1	8	8	1147.28
2	19	19	1157.93
3	1	1	1573.87
4	13	13	1942.48
5	25	25	2083.37

Gaussian Denoised Signal:
1	1	1573.87
2	2	1473.2
3	3	1411.21
4	4	1393.44
5	5	1344.68
6	6	1270.61
7	7	1188.77
8	8	1147.28
9	9	1187.54
10	10	1311.8
11	11	1510.35
12	12	1757.04
13	13	1942.48
14	14	1939.79
15	15	1751.77
16	16	1506.04
17	17	1309.15
18	18	1186.2
19	19	1157.93
20	20	1221.55
21	21	1313.18
22	22	1427.47
23	23	1632.8
24	24	1899.12
25	25	2083.37
====================

Gaussian Denoiser Window Size: 4
Predicted sites number: 5 
Predicted nucleotides number: 5 

Site#1:
1
Site#2:
9
Site#3:
14
Site#4:
19
Site#5:
25

extremaRank	extremaLoc	extremaNt	extremaNDS_gd
1	9	9	1166.91
2	19	19	1171.47
3	1	1	1606.02
4	14	14	1942.37
5	25	25	1992.07

Gaussian Denoised Signal:
1	1	1606.02
2	2	1523.5
3	3	1441.66
4	4	1402.49
5	5	1369.22
6	6	1307.75
7	7	1229.67
8	8	1167.65
9	9	1166.91
10	10	1249.33
11	11	1410.67
12	12	1633.57
13	13	1850.5
14	14	1942.37
15	15	1846.49
16	16	1628.77
17	17	1407.19
18	18	1247.33
19	19	1171.47
20	20	1189.33
21	21	1267.51
22	22	1370.01
23	23	1529.44
24	24	1766
25	25	1992.07
====================

Gaussian Denoiser Window Size: 5
Predicted sites number: 5 
Predicted nucleotides number: 5 

Site#1:
1
Site#2:
8
Site#3:
13
Site#4:
19
Site#5:
25

extremaRank	extremaLoc	extremaNt	extremaNDS_gd
1	8	8	1162.17
2	19	19	1174.45
3	1	1	1568.88
4	13	13	1907.69
5	25	25	2060.54

Gaussian Denoised Signal:
1	1	1568.88
2	2	1478.29
3	3	1420.31
4	4	1387.64
5	5	1339.95
6	6	1269.19
7	7	1196.58
8	8	1162.17
9	9	1203.5
10	10	1325.87
11	11	1518.91
12	12	1745.35
13	13	1907.69
14	14	1905.52
15	15	1740.69
16	16	1514.78
17	17	1323.15
18	18	1204.27
19	19	1174.45
20	20	1227.17
21	21	1318.26
22	22	1443.68
23	23	1643.89
24	24	1884
25	25	2060.54
====================

