Gaussian Denoiser Window Size: 1
Predicted sites number: 5 
Predicted nucleotides number: 7 

Site#1:
1,2,3
Site#2:
8
Site#3:
13
Site#4:
19
Site#5:
25

extremaRank	extremaLoc	extremaNt	extremaNDS_gd
1	8	8	1112.44
2	19	19	1113.13
3	2	2	1406.68
4	3	3	1419.07
5	1	1	1636.99
6	13	13	2009.22
7	25	25	2141.38

Gaussian Denoised Signal:
1	1	1636.99
2	2	1406.68
3	3	1419.07
4	4	1402.78
5	5	1352.4
6	6	1273.87
7	7	1183.45
8	8	1112.44
9	9	1168.55
10	10	1293.96
11	11	1484.48
12	12	1769.4
13	13	2009.22
14	14	2005.53
15	15	1761.97
16	16	1481.18
17	17	1291.09
18	18	1166.91
19	19	1113.13
20	20	1222.82
21	21	1327.86
22	22	1379.33
23	23	1606.46
24	24	1929.69
25	25	2141.38
====================

Gaussian Denoiser Window Size: 2
Predicted sites number: 5 
Predicted nucleotides number: 5 

Site#1:
1
Site#2:
9
Site#3:
14
Site#4:
19
Site#5:
25

extremaRank	extremaLoc	extremaNt	extremaNDS_gd
1	19	19	1140.02
2	9	9	1140.5
3	1	1	1636.99
4	14	14	2007.37
5	25	25	2035.54

Gaussian Denoised Signal:
1	1	1636.99
2	2	1521.84
3	3	1412.88
4	4	1410.93
5	5	1377.59
6	6	1313.13
7	7	1228.66
8	8	1147.94
9	9	1140.5
10	10	1231.25
11	11	1389.22
12	12	1626.94
13	13	1889.31
14	14	2007.37
15	15	1883.75
16	16	1621.58
17	17	1386.13
18	18	1229
19	19	1140.02
20	20	1167.98
21	21	1275.34
22	22	1353.59
23	23	1492.89
24	24	1768.08
25	25	2035.54
====================

