"nt"	"nds"
1	1636.9931957222516
2	1406.6791621153857
3	1419.0730612463499
4	1402.7826390716796
5	1352.397330764804
6	1273.8708681474345
7	1183.4450579970362
8	1112.4447805856626
9	1168.5452237127329
10	1293.9558940771467
11	1484.4826837517146
12	1769.398105236413
13	2009.220942716417
14	2005.5268131410157
15	1761.974422541918
16	1481.177192805401
17	1291.091107024918
18	1166.9052610479423
19	1113.1336499501344
20	1222.821104172709
21	1327.85768238951
22	1379.3257849647043
23	1606.4586506941946
24	1929.6944844572668
25	2141.384789234552
