"nt"	"nds"
1	2692.8993435210414
2	2330.1465055361105
3	2027.0886819779287
4	1786.8804952031753
5	1613.3510946725785
6	1514.5477647005619
7	1593.3803287744477
8	1700.6472460394011
9	1802.5639782910246
10	1881.721249692015
11	1929.6488683112611
12	1945.314363663913
13	1941.3244147261887
14	2251.906214461584
15	2532.1756088230754
16	2526.1075350276815
17	2239.464606893148
18	1935.5460313012409
19	1926.670085168372
20	1892.413523105193
21	1821.0477310393876
22	1718.5654005778697
23	1603.6143100770457
24	1515.6439221561966
25	1613.8374603764103
26	1786.9402112674609
27	2026.920797180125
28	2329.8561003806717
29	2692.5423618987593
