Gaussian Denoiser Window Size: 1
Predicted sites number: 5 
Predicted nucleotides number: 7 

Site#1:
1
Site#2:
6
Site#3:
12,13,15
Site#4:
24
Site#5:
29

extremaRank	extremaLoc	extremaNt	extremaNDS_gd
1	6	6	1514.55
2	24	24	1515.64
3	13	13	1941.32
4	12	12	1945.31
5	15	15	2532.18
6	29	29	2692.54
7	1	1	2692.9

Gaussian Denoised Signal:
1	1	2692.9
2	2	2330.15
3	3	2027.09
4	4	1786.88
5	5	1613.35
6	6	1514.55
7	7	1593.38
8	8	1700.65
9	9	1802.56
10	10	1881.72
11	11	1929.65
12	12	1945.31
13	13	1941.32
14	14	2251.91
15	15	2532.18
16	16	2526.11
17	17	2239.46
18	18	1935.55
19	19	1926.67
20	20	1892.41
21	21	1821.05
22	22	1718.57
23	23	1603.61
24	24	1515.64
25	25	1613.84
26	26	1786.94
27	27	2026.92
28	28	2329.86
29	29	2692.54
====================

Gaussian Denoiser Window Size: 2
Predicted sites number: 5 
Predicted nucleotides number: 5 

Site#1:
1
Site#2:
7
Site#3:
16
Site#4:
24
Site#5:
29

extremaRank	extremaLoc	extremaNt	extremaNDS_gd
1	7	7	1553.96
2	24	24	1559.63
3	29	29	2511.2
4	16	16	2529.14
5	1	1	2692.9

Gaussian Denoised Signal:
1	1	2692.9
2	2	2511.52
3	3	2178.62
4	4	1906.98
5	5	1700.12
6	6	1563.95
7	7	1553.96
8	8	1647.01
9	9	1751.61
10	10	1842.14
11	11	1905.69
12	12	1937.48
13	13	1943.32
14	14	2096.62
15	15	2392.04
16	16	2529.14
17	17	2382.79
18	18	2087.51
19	19	1931.11
20	20	1909.54
21	21	1856.73
22	22	1769.81
23	23	1661.09
24	24	1559.63
25	25	1564.74
26	26	1700.39
27	27	1906.93
28	28	2178.39
29	29	2511.2
====================

Gaussian Denoiser Window Size: 3
Predicted sites number: 5 
Predicted nucleotides number: 5 

Site#1:
1
Site#2:
6
Site#3:
15
Site#4:
24
Site#5:
29

extremaRank	extremaLoc	extremaNt	extremaNDS_gd
1	6	6	1563.23
2	24	24	1566.67
3	15	15	2453.7
4	29	29	2593.14
5	1	1	2593.48

Gaussian Denoised Signal:
1	1	2593.48
2	2	2346.51
3	3	2044.31
4	4	1805.16
5	5	1633.83
6	6	1563.23
7	7	1601.17
8	8	1699.18
9	9	1796.33
10	10	1873.16
11	11	1920.81
12	12	1939.93
13	13	2027.54
14	14	2243.6
15	15	2453.7
16	16	2449.21
17	17	2234.73
18	18	2016.41
19	19	1919.71
20	20	1882.24
21	21	1812.52
22	22	1715.15
23	23	1611.01
24	24	1566.67
25	25	1634.37
26	26	1805.27
27	27	2044.17
28	28	2346.23
29	29	2593.14
====================

Gaussian Denoiser Window Size: 4
Predicted sites number: 5 
Predicted nucleotides number: 5 

Site#1:
1
Site#2:
7
Site#3:
16
Site#4:
24
Site#5:
29

extremaRank	extremaLoc	extremaNt	extremaNDS_gd
1	7	7	1581.67
2	24	24	1588.29
3	16	16	2452.91
4	29	29	2470.46
5	1	1	2644.12

Gaussian Denoised Signal:
1	1	2644.12
2	2	2470.77
3	3	2195.1
4	4	1924.4
5	5	1719.13
6	6	1597.88
7	7	1581.67
8	8	1650.12
9	9	1747.83
10	10	1834.88
11	11	1897.15
12	12	1930.5
13	13	1982.98
14	14	2134.84
15	15	2349.46
16	16	2452.91
17	17	2342.73
18	18	2124.86
19	19	1967.37
20	20	1901.14
21	21	1847.56
22	22	1763.95
23	23	1663.04
24	24	1588.29
25	25	1599.85
26	26	1719.46
27	27	1924.39
28	28	2194.89
29	29	2470.46
====================

Gaussian Denoiser Window Size: 5
Predicted sites number: 5 
Predicted nucleotides number: 5 

Site#1:
1
Site#2:
6
Site#3:
15
Site#4:
24
Site#5:
29

extremaRank	extremaLoc	extremaNt	extremaNDS_gd
1	6	6	1582.91
2	24	24	1586.94
3	15	15	2414.11
4	29	29	2567.71
5	1	1	2568.04

Gaussian Denoised Signal:
1	1	2568.04
2	2	2334.89
3	3	2056.17
4	4	1817.93
5	5	1653.06
6	6	1582.91
7	7	1612.81
8	8	1699.07
9	9	1792.53
10	10	1867.69
11	11	1915.48
12	12	1953.76
13	13	2049.7
14	14	2242.74
15	15	2414.11
16	16	2410.47
17	17	2234.15
18	18	2037.42
19	19	1931.76
20	20	1876.23
21	21	1807.36
22	22	1713.94
23	23	1622.61
24	24	1586.94
25	25	1654.08
26	26	1818.07
27	27	2056.05
28	28	2334.63
29	29	2567.71
====================

