Gaussian Denoiser Window Size: 1
Predicted sites number: 5 
Predicted nucleotides number: 7 

Site#1:
1
Site#2:
6
Site#3:
12,13,15
Site#4:
24
Site#5:
29

extremaRank	extremaLoc	extremaNt	extremaNDS_gd
1	6	6	1514.55
2	24	24	1515.64
3	13	13	1941.32
4	12	12	1945.31
5	15	15	2532.18
6	29	29	2692.54
7	1	1	2692.9

Gaussian Denoised Signal:
1	1	2692.9
2	2	2330.15
3	3	2027.09
4	4	1786.88
5	5	1613.35
6	6	1514.55
7	7	1593.38
8	8	1700.65
9	9	1802.56
10	10	1881.72
11	11	1929.65
12	12	1945.31
13	13	1941.32
14	14	2251.91
15	15	2532.18
16	16	2526.11
17	17	2239.46
18	18	1935.55
19	19	1926.67
20	20	1892.41
21	21	1821.05
22	22	1718.57
23	23	1603.61
24	24	1515.64
25	25	1613.84
26	26	1786.94
27	27	2026.92
28	28	2329.86
29	29	2692.54
====================

Gaussian Denoiser Window Size: 2
Predicted sites number: 5 
Predicted nucleotides number: 5 

Site#1:
1
Site#2:
7
Site#3:
16
Site#4:
24
Site#5:
29

extremaRank	extremaLoc	extremaNt	extremaNDS_gd
1	7	7	1553.96
2	24	24	1559.63
3	29	29	2511.2
4	16	16	2529.14
5	1	1	2692.9

Gaussian Denoised Signal:
1	1	2692.9
2	2	2511.52
3	3	2178.62
4	4	1906.98
5	5	1700.12
6	6	1563.95
7	7	1553.96
8	8	1647.01
9	9	1751.61
10	10	1842.14
11	11	1905.69
12	12	1937.48
13	13	1943.32
14	14	2096.62
15	15	2392.04
16	16	2529.14
17	17	2382.79
18	18	2087.51
19	19	1931.11
20	20	1909.54
21	21	1856.73
22	22	1769.81
23	23	1661.09
24	24	1559.63
25	25	1564.74
26	26	1700.39
27	27	1906.93
28	28	2178.39
29	29	2511.2
====================

