Gaussian Denoiser Window Size: 1
Predicted sites number: 6 
Predicted nucleotides number: 6 

Site#1:
8
Site#2:
16
Site#3:
21
Site#4:
31
Site#5:
43
Site#6:
60

extremaRank	extremaLoc	extremaNt	extremaNDS_gd
1	43	43	6599.78
2	8	8	6655.04
3	21	21	7068.06
4	16	16	9926.33
5	31	31	12485.32
6	60	60	13763.89

Gaussian Denoised Signal:
1	1	8505.47
2	2	8116.62
3	3	7668.23
4	4	7242.03
5	5	6949.02
6	6	6765.56
7	7	6668.45
8	8	6655.04
9	9	6730.64
10	10	6963.79
11	11	7338.26
12	12	7836.99
13	13	8446.24
14	14	9124.81
15	15	9849.83
16	16	9926.33
17	17	9279.68
18	18	8520.52
19	19	7915.66
20	20	7424.83
21	21	7068.06
22	22	7309.25
23	23	7391.73
24	24	7838.91
25	25	8377.45
26	26	8996.96
27	27	9691.88
28	28	10460.08
29	29	11247.57
30	30	12133.68
31	31	12485.32
32	32	12089.03
33	33	11196.37
34	34	10440.53
35	35	9675.12
36	36	8983.7
37	37	8368.33
38	38	7834.25
39	39	7390.24
40	40	7228.1
41	41	6877.84
42	42	6673.99
43	43	6599.78
44	44	6617.15
45	45	6717.61
46	46	6903.39
47	47	7114.51
48	48	7484.21
49	49	7905.72
50	50	8294.95
51	51	8596.79
52	52	8787.73
53	53	8880.48
54	54	9467.22
55	55	10129.71
56	56	10861.04
57	57	11659.71
58	58	12433.17
59	59	13354.66
60	60	13763.89
61	61	13403.13
62	62	12496.7
63	63	11688.13
64	64	10891.58
65	65	10163.04
66	66	9504.06
67	67	8921.42
68	68	8906.96
====================

Gaussian Denoiser Window Size: 2
Predicted sites number: 6 
Predicted nucleotides number: 6 

Site#1:
8
Site#2:
16
Site#3:
22
Site#4:
31
Site#5:
44
Site#6:
61

extremaRank	extremaLoc	extremaNt	extremaNDS_gd
1	44	44	6608.47
2	8	8	6661.75
3	22	22	7188.66
4	16	16	9888.08
5	31	31	12309.5
6	61	61	13583.51

Gaussian Denoised Signal:
1	1	8505.47
2	2	8311.05
3	3	7892.42
4	4	7455.13
5	5	7095.52
6	6	6857.29
7	7	6717
8	8	6661.75
9	9	6692.84
10	10	6847.22
11	11	7151.03
12	12	7587.63
13	13	8141.62
14	14	8785.52
15	15	9487.32
16	16	9888.08
17	17	9603
18	18	8900.1
19	19	8218.09
20	20	7670.25
21	21	7246.45
22	22	7188.66
23	23	7350.49
24	24	7615.32
25	25	8108.18
26	26	8687.2
27	27	9344.42
28	28	10075.98
29	29	10853.83
30	30	11690.63
31	31	12309.5
32	32	12287.17
33	33	11642.7
34	34	10818.45
35	35	10057.82
36	36	9329.41
37	37	8676.01
38	38	8101.29
39	39	7612.25
40	40	7309.17
41	41	7052.97
42	42	6775.92
43	43	6636.89
44	44	6608.47
45	45	6667.38
46	46	6810.5
47	47	7008.95
48	48	7299.36
49	49	7694.96
50	50	8100.34
51	51	8445.87
52	52	8692.26
53	53	8834.1
54	54	9173.85
55	55	9798.47
56	56	10495.37
57	57	11260.37
58	58	12046.44
59	59	12893.92
60	60	13559.27
61	61	13583.51
62	62	12949.92
63	63	12092.42
64	64	11289.86
65	65	10527.31
66	66	9833.55
67	67	9212.74
68	68	8914.19
====================

Gaussian Denoiser Window Size: 3
Predicted sites number: 6 
Predicted nucleotides number: 6 

Site#1:
8
Site#2:
16
Site#3:
21
Site#4:
31
Site#5:
43
Site#6:
60

extremaRank	extremaLoc	extremaNt	extremaNDS_gd
1	43	43	6624.88
2	8	8	6679.44
3	21	21	7231.94
4	16	16	9728.14
5	31	31	12280.33
6	60	60	13552.86

Gaussian Denoised Signal:
1	1	8398.9
2	2	8100.3
3	3	7674.31
4	4	7278.53
5	5	6979.04
6	6	6789.22
7	7	6691.39
8	8	6679.44
9	9	6773.82
10	10	7002.52
11	11	7372.32
12	12	7867.28
13	13	8465.24
14	14	9137.54
15	15	9672.09
16	16	9728.14
17	17	9248.84
18	18	8562.81
19	19	7946.91
20	20	7461.57
21	21	7231.94
22	22	7265.75
23	23	7491.68
24	24	7863.95
25	25	8399.64
26	26	9017.63
27	27	9711.96
28	28	10465.37
29	29	11274.6
30	30	11987.2
31	31	12280.33
32	32	11952.99
33	33	11233.87
34	34	10437.91
35	35	9695.4
36	36	9004.54
37	37	8390.61
38	38	7858.94
39	39	7467.49
40	40	7176.54
41	41	6917.97
42	42	6709.52
43	43	6624.88
44	44	6639.92
45	45	6740.99
46	46	6910.33
47	47	7157.97
48	48	7498.41
49	49	7896.87
50	50	8271
51	51	8566.4
52	52	8760.82
53	53	9015.87
54	54	9487.98
55	55	10148.58
56	56	10879.5
57	57	11652.8
58	58	12473.74
59	59	13214.26
60	60	13552.86
61	61	13253.58
62	62	12523.52
63	63	11691.43
64	64	10910.22
65	65	10182.11
66	66	9524.98
67	67	9077.14
68	68	8910.92
====================

Gaussian Denoiser Window Size: 4
Predicted sites number: 6 
Predicted nucleotides number: 6 

Site#1:
8
Site#2:
16
Site#3:
22
Site#4:
31
Site#5:
44
Site#6:
61

extremaRank	extremaLoc	extremaNt	extremaNDS_gd
1	44	44	6631.96
2	8	8	6684.97
3	22	22	7247.72
4	16	16	9703.63
5	31	31	12137.05
6	61	61	13406.59

Gaussian Denoised Signal:
1	1	8453.18
2	2	8250.75
3	3	7887.4
4	4	7476.02
5	5	7128.16
6	6	6883.63
7	7	6739.87
8	8	6684.97
9	9	6726
10	10	6887.41
11	11	7186.74
12	12	7619.2
13	13	8165.8
14	14	8801.09
15	15	9406.36
16	16	9703.63
17	17	9490.63
18	18	8905.72
19	19	8254.17
20	20	7703.61
21	21	7344.88
22	22	7247.72
23	23	7378.19
24	24	7676.65
25	25	8131.35
26	26	8708.23
27	27	9364.41
28	28	10088.43
29	29	10869.68
30	30	11632.02
31	31	12137.05
32	32	12119.85
33	33	11594.35
34	34	10835.56
35	35	10066.49
36	36	9349.58
37	37	8697.17
38	38	8124.33
39	39	7662.26
40	40	7321.78
41	41	7047.36
42	42	6813.04
43	43	6666.63
44	44	6631.96
45	45	6690.03
46	46	6825.38
47	47	7033.68
48	48	7327.65
49	49	7697.59
50	50	8084.24
51	51	8419.21
52	52	8664.15
53	53	8887.33
54	54	9250.46
55	55	9817.91
56	56	10513.69
57	57	11266.04
58	58	12062.96
59	59	12844.94
60	60	13386.85
61	61	13406.59
62	62	12889.7
63	63	12107.19
64	64	11300.62
65	65	10545.81
66	66	9853.17
67	67	9299.41
68	68	8992.54
====================

Gaussian Denoiser Window Size: 5
Predicted sites number: 6 
Predicted nucleotides number: 6 

Site#1:
8
Site#2:
16
Site#3:
21
Site#4:
31
Site#5:
43
Site#6:
60

extremaRank	extremaLoc	extremaNt	extremaNDS_gd
1	43	43	6643.72
2	8	8	6699.62
3	21	21	7277.91
4	16	16	9629.46
5	31	31	12165
6	60	60	13434.3

Gaussian Denoised Signal:
1	1	8364.89
2	2	8075.61
3	3	7680.08
4	4	7296.24
5	5	6999.67
6	6	6806.58
7	7	6707.57
8	8	6699.62
9	9	6798.84
10	10	7029.06
11	11	7395.87
12	12	7886.57
13	13	8479.27
14	14	9109.65
15	15	9583.91
16	16	9629.46
17	17	9208.95
18	18	8575.1
19	19	7971.65
20	20	7510.97
21	21	7277.91
22	22	7305.65
23	23	7516.86
24	24	7895.46
25	25	8415.13
26	26	9032
27	27	9722.92
28	28	10476.26
29	29	11254.33
30	30	11909.54
31	31	12165
32	32	11880.42
33	33	11217.12
34	34	10448.64
35	35	9704.87
36	36	9019.02
37	37	8406.09
38	38	7885.85
39	39	7484.45
40	40	7185
41	41	6926.36
42	42	6732.75
43	43	6643.72
44	44	6656.14
45	45	6753.65
46	46	6925.63
47	47	7174.72
48	48	7509.39
49	49	7892.38
50	50	8256.29
51	51	8547.51
52	52	8773.93
53	53	9053.72
54	54	9524.64
55	55	10161.82
56	56	10887.2
57	57	11662.54
58	58	12456.17
59	59	13139.85
60	60	13434.3
61	61	13173.79
62	62	12502.18
63	63	11701.41
64	64	10920.05
65	65	10195.48
66	66	9565.77
67	67	9127.04
68	68	8943.03
====================

