"nt"	"nds"
1	8505.472435850084
2	8116.6178078443045
3	7668.228042677482
4	7242.025321196828
5	6949.017458176808
6	6765.55522834687
7	6668.4492121220555
8	6655.044544516955
9	6730.644272988432
10	6963.790759014759
11	7338.262628430428
12	7836.992610548393
13	8446.238524858283
14	9124.808153639035
15	9849.825431921818
16	9926.331591105969
17	9279.675473371653
18	8520.524995741343
19	7915.6605455492845
20	7424.83233644443
21	7068.062169011181
22	7309.253269465445
23	7391.729714649969
24	7838.908519350722
25	8377.445856841718
26	8996.957021603643
27	9691.880531522509
28	10460.077141118067
29	11247.573848202424
30	12133.678746887152
31	12485.3176681862
32	12089.027503206205
33	11196.372072382452
34	10440.527999166683
35	9675.117624110737
36	8983.69872995698
37	8368.326945558261
38	7834.251246847965
39	7390.241592361539
40	7228.101457206266
41	6877.840993910951
42	6673.993467207508
43	6599.780372884923
44	6617.154890707106
45	6717.6094771739035
46	6903.38524366885
47	7114.510432659647
48	7484.207044575709
49	7905.721882446182
50	8294.95206740667
51	8596.79459831723
52	8787.73022908732
53	8880.47625590275
54	9467.22081908724
55	10129.71122969763
56	10861.03861043657
57	11659.710405863092
58	12433.174869256472
59	13354.657045036249
60	13763.885811344673
61	13403.130705487907
62	12496.70024811335
63	11688.131520320634
64	10891.58360167231
65	10163.04258079289
66	9504.063392934237
67	8921.418066000137
68	8906.959550898422
