Gaussian Denoiser Window Size: 1
Predicted sites number: 6 
Predicted nucleotides number: 6 

Site#1:
9
Site#2:
20
Site#3:
27
Site#4:
38
Site#5:
58
Site#6:
77

extremaRank	extremaLoc	extremaNt	extremaNDS_gd
1	38	38	9733.79
2	77	77	9738.85
3	20	20	10898.06
4	9	9	16420.31
5	27	27	16518.26
6	58	58	20979.06

Gaussian Denoised Signal:
1	1	11050.83
2	2	11657.78
3	3	12379.82
4	4	13204.88
5	5	13856.68
6	6	14860.89
7	7	15812.66
8	8	16391.31
9	9	16420.31
10	10	15886.5
11	11	14947
12	12	13921.2
13	13	13227.78
14	14	12401.91
15	15	11680.12
16	16	11076.54
17	17	11072.38
18	18	11042.01
19	19	10981.19
20	20	10898.06
21	21	11416.4
22	22	12055.63
23	23	12798.19
24	24	13634.25
25	25	14557.52
26	26	15634.89
27	27	16518.26
28	28	16376.84
29	29	15352.17
30	30	14424.95
31	31	13500.23
32	32	12662.88
33	33	11919.19
34	34	11279.08
35	35	10758.31
36	36	10469.21
37	37	10058.33
38	38	9733.79
39	39	9758.58
40	40	9875.41
41	41	10085.41
42	42	10286.79
43	43	10372.14
44	44	10727.74
45	45	11154.35
46	46	11651.12
47	47	12222.3
48	48	12695.58
49	49	13422.27
50	50	14153.34
51	51	14700.94
52	52	14972.03
53	53	15865.32
54	54	16830.66
55	55	17861.92
56	56	18956.58
57	57	20217.54
58	58	20979.06
59	59	20229.07
60	60	18963.16
61	61	17868.7
62	62	16837.68
63	63	15872.54
64	64	14979.46
65	65	14721.52
66	66	14182.32
67	67	13452.25
68	68	12718.12
69	69	12230.62
70	70	11659.68
71	71	11163.31
72	72	10737.53
73	73	10383.7
74	74	10229.09
75	75	9893.52
76	76	9770.65
77	77	9738.85
78	78	9851.06
79	79	10024.23
80	80	10228.57
81	81	10438.16
82	82	10632.36
83	83	10796.57
84	84	10923.03
====================

Gaussian Denoiser Window Size: 2
Predicted sites number: 6 
Predicted nucleotides number: 6 

Site#1:
9
Site#2:
20
Site#3:
28
Site#4:
39
Site#5:
59
Site#6:
77

extremaRank	extremaLoc	extremaNt	extremaNDS_gd
1	39	39	9746.19
2	77	77	9754.75
3	20	20	10939.62
4	9	9	16405.81
5	28	28	16447.55
6	59	59	20604.07

Gaussian Denoised Signal:
1	1	11050.83
2	2	11354.31
3	3	12018.8
4	4	12792.35
5	5	13530.78
6	6	14358.79
7	7	15336.78
8	8	16101.98
9	9	16405.81
10	10	16153.41
11	11	15416.75
12	12	14434.1
13	13	13574.49
14	14	12814.85
15	15	12041.01
16	16	11378.33
17	17	11074.46
18	18	11057.19
19	19	11011.6
20	20	10939.62
21	21	11157.23
22	22	11736.01
23	23	12426.91
24	24	13216.22
25	25	14095.89
26	26	15096.2
27	27	16076.57
28	28	16447.55
29	29	15864.51
30	30	14888.56
31	31	13962.59
32	32	13081.56
33	33	12291.04
34	34	11599.14
35	35	11018.7
36	36	10613.76
37	37	10263.77
38	38	9896.06
39	39	9746.19
40	40	9817
41	41	9980.41
42	42	10186.1
43	43	10329.46
44	44	10549.94
45	45	10941.04
46	46	11402.73
47	47	11936.71
48	48	12458.94
49	49	13058.92
50	50	13787.8
51	51	14427.14
52	52	14836.48
53	53	15418.68
54	54	16347.99
55	55	17346.29
56	56	18409.25
57	57	19587.06
58	58	20598.3
59	59	20604.07
60	60	19596.11
61	61	18415.93
62	62	17353.19
63	63	16355.11
64	64	15426
65	65	14850.49
66	66	14451.92
67	67	13817.28
68	68	13085.19
69	69	12474.37
70	70	11945.15
71	71	11411.5
72	72	10950.42
73	73	10560.62
74	74	10306.39
75	75	10061.3
76	76	9832.08
77	77	9754.75
78	78	9794.95
79	79	9937.65
80	80	10126.4
81	81	10333.37
82	82	10535.26
83	83	10714.47
84	84	10859.8
====================

Gaussian Denoiser Window Size: 3
Predicted sites number: 6 
Predicted nucleotides number: 6 

Site#1:
9
Site#2:
19
Site#3:
27
Site#4:
39
Site#5:
58
Site#6:
77

extremaRank	extremaLoc	extremaNt	extremaNDS_gd
1	77	77	9778.32
2	39	39	9783.81
3	19	19	10975.07
4	27	27	16237.4
5	9	9	16266.06
6	58	58	20564.8

Gaussian Denoised Signal:
1	1	11217.18
2	2	11689.32
3	3	12408.05
4	4	13157.4
5	5	13953.27
6	6	14846.52
7	7	15710.4
8	8	16240.67
9	9	16266.06
10	10	15775.31
11	11	14923.35
12	12	14012.3
13	13	13191.48
14	14	12430.44
15	15	11712.52
16	16	11240.82
17	17	11065.2
18	18	11033.66
19	19	10975.07
20	20	11062.9
21	21	11449.53
22	22	12083.95
23	23	12823.82
24	24	13658.15
25	25	14599.75
26	26	15581.72
27	27	16237.4
28	28	16134.77
29	29	15378.88
30	30	14425.64
31	31	13524.18
32	32	12688.55
33	33	11947.58
34	34	11311.79
35	35	10821.8
36	36	10435.83
37	37	10081.99
38	38	9829.53
39	39	9783.81
40	40	9900.95
41	41	10083.05
42	42	10254.99
43	43	10446.21
44	44	10747.2
45	45	11173.58
46	46	11671.51
47	47	12195.47
48	48	12765.03
49	49	13423.47
50	50	14103.05
51	51	14625.15
52	52	15142.56
53	53	15885.07
54	54	16848.73
55	55	17879.3
56	56	19002.16
57	57	20080.66
58	58	20564.8
59	59	20087.67
60	60	19010.15
61	61	17886.09
62	62	16855.74
63	63	15892.29
64	64	15153.53
65	65	14644.43
66	66	14130.01
67	67	13451.14
68	68	12785.71
69	69	12207.75
70	70	11680.12
71	71	11182.66
72	72	10757.25
73	73	10438.3
74	74	10179.49
75	75	9951.81
76	76	9795.61
77	77	9778.32
78	78	9867.77
79	79	10032.77
80	80	10230.01
81	81	10433.94
82	82	10624.14
83	83	10786.22
84	84	10888.37
====================

Gaussian Denoiser Window Size: 4
Predicted sites number: 6 
Predicted nucleotides number: 6 

Site#1:
9
Site#2:
19
Site#3:
28
Site#4:
39
Site#5:
59
Site#6:
77

extremaRank	extremaLoc	extremaNt	extremaNDS_gd
1	77	77	9786.36
2	39	39	9805.54
3	19	19	11004.5
4	28	28	16190.97
5	9	9	16256.22
6	59	59	20331.44

Gaussian Denoised Signal:
1	1	11132.45
2	2	11451.4
3	3	12048.13
4	4	12782.91
5	5	13554.87
6	6	14399.12
7	7	15279.55
8	8	15977.9
9	9	16256.22
10	10	16023.17
11	11	15350.59
12	12	14467.19
13	13	13601.38
14	14	12811.03
15	15	12070.91
16	16	11474.83
17	17	11151.54
18	18	11049.58
19	19	11004.5
20	20	11017.5
21	21	11254.36
22	22	11766.16
23	23	12453.38
24	24	13240.52
25	25	14128.33
26	26	15090.84
27	27	15912.68
28	28	16190.97
29	29	15758.84
30	30	14902
31	31	13974.68
32	32	13105.9
33	33	12317.56
34	34	11629.11
35	35	11065.9
36	36	10628.54
37	37	10259
38	38	9954.64
39	39	9805.54
40	40	9841.9
41	41	9991.78
42	42	10169.34
43	43	10350.2
44	44	10595.83
45	45	10960.03
46	46	11422.18
47	47	11933.55
48	48	12479.85
49	49	13093.59
50	50	13763.72
51	51	14365.28
52	52	14882.97
53	53	15512.03
54	54	16366.54
55	55	17363.68
56	56	18440.14
57	57	19542.26
58	58	20327.89
59	59	20331.44
60	60	19549.79
61	61	18447.52
62	62	17370.58
63	63	16373.66
64	64	15521.1
65	65	14898.08
66	66	14388.43
67	67	13791.07
68	68	13117.8
69	69	12496.32
70	70	11943.96
71	71	11431.02
72	72	10969.59
73	73	10597.08
74	74	10308.85
75	75	10065.57
76	76	9872.93
77	77	9786.36
78	78	9822.52
79	79	9950.03
80	80	10131.3
81	81	10332
82	82	10529.16
83	83	10705.36
84	84	10837.72
====================

Gaussian Denoiser Window Size: 5
Predicted sites number: 6 
Predicted nucleotides number: 6 

Site#1:
9
Site#2:
19
Site#3:
27
Site#4:
39
Site#5:
58
Site#6:
77

extremaRank	extremaLoc	extremaNt	extremaNDS_gd
1	77	77	9797.99
2	39	39	9815.2
3	19	19	11004.42
4	27	27	16097.63
5	9	9	16169.48
6	58	58	20389.9

Gaussian Denoised Signal:
1	1	11271.47
2	2	11737.11
3	3	12413.04
4	4	13168.5
5	5	13968.85
6	6	14841.24
7	7	15648.08
8	8	16146.19
9	9	16169.48
10	10	15707.85
11	11	14912.53
12	12	14026.67
13	13	13204.78
14	14	12437.89
15	15	11760.2
16	16	11293.26
17	17	11094.13
18	18	11028.61
19	19	11004.42
20	20	11115.86
21	21	11497.5
22	22	12103.8
23	23	12841.59
24	24	13678.54
25	25	14606.13
26	26	15518.93
27	27	16097.63
28	28	16014.37
29	29	15338.6
30	30	14435.9
31	31	13536.33
32	32	12706.37
33	33	11967.38
34	34	11339.5
35	35	10840
36	36	10443.53
37	37	10101.22
38	38	9866.89
39	39	9815.2
40	40	9912.86
41	41	10081.12
42	42	10260.07
43	43	10465.13
44	44	10771.37
45	45	11187.05
46	46	11675.89
47	47	12205.59
48	48	12779.98
49	49	13427.62
50	50	14073.71
51	51	14627.19
52	52	15180.64
53	53	15928.26
54	54	16861.32
55	55	17896.97
56	56	18991.55
57	57	19967.85
58	58	20389.9
59	59	19973.84
60	60	18999.06
61	61	17904.04
62	62	16868.33
63	63	15936.19
64	64	15192.38
65	65	14646.39
66	66	14099.36
67	67	13453.85
68	68	12800.46
69	69	12218.65
70	70	11685.32
71	71	11196.23
72	72	10777.64
73	73	10448.12
74	74	10187.62
75	75	9963.74
76	76	9822.25
77	77	9797.99
78	78	9882.13
79	79	10038.85
80	80	10231.29
81	81	10431.38
82	82	10618.87
83	83	10774.71
84	84	10876.31
====================

