"nt"	"nds"
1	11050.833739770258
2	11657.780308569121
3	12379.821418093157
4	13204.878735724506
5	13856.681667511866
6	14860.891880843825
7	15812.662439900696
8	16391.30557553671
9	16420.3120463032
10	15886.500741286749
11	14947.0006319909
12	13921.200390572612
13	13227.783528810287
14	12401.907752357482
15	11680.12161790771
16	11076.543978557987
17	11072.380403399213
18	11042.009274118103
19	10981.188177021973
20	10898.056593686682
21	11416.397526573099
22	12055.630548181596
23	12798.18796168868
24	13634.251529420433
25	14557.520110053953
26	15634.888638326644
27	16518.26060308535
28	16376.839765457958
29	15352.170736589058
30	14424.949034829013
31	13500.233153643767
32	12662.883642450419
33	11919.19197848289
34	11279.08450697296
35	10758.30830867251
36	10469.210815980556
37	10058.32793781223
38	9733.7883265673
39	9758.58452075583
40	9875.409033941314
41	10085.412674713838
42	10286.78833835277
43	10372.139723910557
44	10727.738548925121
45	11154.34911409575
46	11651.119586217665
47	12222.304876268461
48	12695.576199129144
49	13422.266976214712
50	14153.336578924505
51	14700.935745101726
52	14972.028896694523
53	15865.324710719282
54	16830.657073652474
55	17861.92339752837
56	18956.581681130105
57	20217.53569613301
58	20979.064995495995
59	20229.069793552437
60	18963.156108042353
61	17868.70185929072
62	16837.683276255186
63	15872.536571906792
64	14979.46087168265
65	14721.518850150615
66	14182.31562687962
67	13452.249723743425
68	12718.124184877464
69	12230.61773062215
70	11659.684421710861
71	11163.311006111673
72	10737.528930764287
73	10383.702057480154
74	10229.085608422482
75	9893.518819102672
76	9770.650903029302
77	9738.846764876593
78	9851.05782116166
79	10024.233783390184
80	10228.573872104964
81	10438.160786730283
82	10632.355888712013
83	10796.574825960695
84	10923.026643921912
