"nt"	"nds"
1	4063.0381838962917
2	3594.2110051419577
3	3183.9173494326574
4	2834.266293729473
5	2546.9882942703935
6	2468.686953950901
7	2317.7126602502103
8	2182.706270155826
9	2227.5994818783306
10	2256.6290090598836
11	2247.7024115076733
12	2203.975502922466
13	2152.4216079109265
14	2267.0766184718955
15	2506.2904202477525
16	2737.506969981892
17	2835.5931272418675
18	3183.751705800966
19	3632.2284569116346
20	4014.5999640460273
21	3998.562935002647
22	3598.6547150833185
23	3167.2174420844344
24	2818.000378244676
25	2692.996857355966
26	2459.043497597834
27	2248.488104462635
28	2136.0142030656143
29	2186.0841863252376
30	2163.714903201293
31	2299.0018329613295
32	2512.377435263673
33	2799.4307453244837
34	3150.922628392769
35	3563.4247852562553
36	4034.370487195004
