Gaussian Denoiser Window Size: 1
Predicted sites number: 5 
Predicted nucleotides number: 9 

Site#1:
1
Site#2:
8,10,13
Site#3:
20
Site#4:
28,29,30
Site#5:
36

extremaRank	extremaLoc	extremaNt	extremaNDS_gd
1	28	28	2136.01
2	13	13	2152.42
3	30	30	2163.71
4	8	8	2182.71
5	29	29	2186.08
6	10	10	2256.63
7	20	20	4014.6
8	36	36	4034.37
9	1	1	4063.04

Gaussian Denoised Signal:
1	1	4063.04
2	2	3594.21
3	3	3183.92
4	4	2834.27
5	5	2546.99
6	6	2468.69
7	7	2317.71
8	8	2182.71
9	9	2227.6
10	10	2256.63
11	11	2247.7
12	12	2203.98
13	13	2152.42
14	14	2267.08
15	15	2506.29
16	16	2737.51
17	17	2835.59
18	18	3183.75
19	19	3632.23
20	20	4014.6
21	21	3998.56
22	22	3598.65
23	23	3167.22
24	24	2818
25	25	2693
26	26	2459.04
27	27	2248.49
28	28	2136.01
29	29	2186.08
30	30	2163.71
31	31	2299
32	32	2512.38
33	33	2799.43
34	34	3150.92
35	35	3563.42
36	36	4034.37
====================

Gaussian Denoiser Window Size: 2
Predicted sites number: 5 
Predicted nucleotides number: 7 

Site#1:
1
Site#2:
9,11,13
Site#3:
21
Site#4:
29
Site#5:
36

extremaRank	extremaLoc	extremaNt	extremaNDS_gd
1	29	29	2161.05
2	13	13	2178.2
3	9	9	2205.15
4	11	11	2252.17
5	36	36	3798.9
6	21	21	4006.58
7	1	1	4063.04

Gaussian Denoised Signal:
1	1	4063.04
2	2	3828.62
3	3	3389.06
4	4	3009.09
5	5	2690.63
6	6	2507.84
7	7	2393.2
8	8	2250.21
9	9	2205.15
10	10	2242.11
11	11	2252.17
12	12	2225.84
13	13	2178.2
14	14	2209.75
15	15	2386.68
16	16	2621.9
17	17	2786.55
18	18	3009.67
19	19	3407.99
20	20	3823.41
21	21	4006.58
22	22	3798.61
23	23	3382.94
24	24	2992.61
25	25	2755.5
26	26	2576.02
27	27	2353.77
28	28	2192.25
29	29	2161.05
30	30	2174.9
31	31	2231.36
32	32	2405.69
33	33	2655.9
34	34	2975.18
35	35	3357.17
36	36	3798.9
====================

