Gaussian Denoiser Window Size: 1
Predicted sites number: 5 
Predicted nucleotides number: 9 

Site#1:
1
Site#2:
8,10,13
Site#3:
20
Site#4:
28,29,30
Site#5:
36

extremaRank	extremaLoc	extremaNt	extremaNDS_gd
1	28	28	2136.01
2	13	13	2152.42
3	30	30	2163.71
4	8	8	2182.71
5	29	29	2186.08
6	10	10	2256.63
7	20	20	4014.6
8	36	36	4034.37
9	1	1	4063.04

Gaussian Denoised Signal:
1	1	4063.04
2	2	3594.21
3	3	3183.92
4	4	2834.27
5	5	2546.99
6	6	2468.69
7	7	2317.71
8	8	2182.71
9	9	2227.6
10	10	2256.63
11	11	2247.7
12	12	2203.98
13	13	2152.42
14	14	2267.08
15	15	2506.29
16	16	2737.51
17	17	2835.59
18	18	3183.75
19	19	3632.23
20	20	4014.6
21	21	3998.56
22	22	3598.65
23	23	3167.22
24	24	2818
25	25	2693
26	26	2459.04
27	27	2248.49
28	28	2136.01
29	29	2186.08
30	30	2163.71
31	31	2299
32	32	2512.38
33	33	2799.43
34	34	3150.92
35	35	3563.42
36	36	4034.37
====================

Gaussian Denoiser Window Size: 2
Predicted sites number: 5 
Predicted nucleotides number: 7 

Site#1:
1
Site#2:
9,11,13
Site#3:
21
Site#4:
29
Site#5:
36

extremaRank	extremaLoc	extremaNt	extremaNDS_gd
1	29	29	2161.05
2	13	13	2178.2
3	9	9	2205.15
4	11	11	2252.17
5	36	36	3798.9
6	21	21	4006.58
7	1	1	4063.04

Gaussian Denoised Signal:
1	1	4063.04
2	2	3828.62
3	3	3389.06
4	4	3009.09
5	5	2690.63
6	6	2507.84
7	7	2393.2
8	8	2250.21
9	9	2205.15
10	10	2242.11
11	11	2252.17
12	12	2225.84
13	13	2178.2
14	14	2209.75
15	15	2386.68
16	16	2621.9
17	17	2786.55
18	18	3009.67
19	19	3407.99
20	20	3823.41
21	21	4006.58
22	22	3798.61
23	23	3382.94
24	24	2992.61
25	25	2755.5
26	26	2576.02
27	27	2353.77
28	28	2192.25
29	29	2161.05
30	30	2174.9
31	31	2231.36
32	32	2405.69
33	33	2655.9
34	34	2975.18
35	35	3357.17
36	36	3798.9
====================

Gaussian Denoiser Window Size: 3
Predicted sites number: 5 
Predicted nucleotides number: 7 

Site#1:
1
Site#2:
9,10,13
Site#3:
20
Site#4:
29
Site#5:
36

extremaRank	extremaLoc	extremaNt	extremaNDS_gd
1	29	29	2166.23
2	13	13	2197.97
3	9	9	2223.25
4	10	10	2246.23
5	36	36	3905.3
6	20	20	3905.41
7	1	1	3934.55

Gaussian Denoised Signal:
1	1	3934.55
2	2	3610.25
3	3	3200.54
4	4	2851.36
5	5	2604.26
6	6	2448.77
7	7	2322.09
8	8	2232.01
9	9	2223.25
10	10	2246.23
11	11	2238.16
12	12	2201.83
13	13	2197.97
14	14	2301.21
15	15	2504.1
16	16	2701.02
17	17	2904.13
18	18	3211.25
19	19	3614.11
20	20	3905.41
21	21	3893.36
22	22	3590.01
23	23	3189.75
24	24	2879.45
25	25	2663.14
26	26	2465.46
27	27	2275.37
28	28	2180.56
29	29	2166.23
30	30	2206.92
31	31	2320.4
32	32	2532.57
33	33	2817.09
34	34	3167.64
35	35	3579.44
36	36	3905.3
====================

Gaussian Denoiser Window Size: 4
Predicted sites number: 5 
Predicted nucleotides number: 7 

Site#1:
1
Site#2:
9,11,13
Site#3:
21
Site#4:
29
Site#5:
36

extremaRank	extremaLoc	extremaNt	extremaNDS_gd
1	29	29	2173.17
2	13	13	2199.5
3	9	9	2227.21
4	11	11	2242.38
5	36	36	3743.43
6	21	21	3901.39
7	1	1	3999.99

Gaussian Denoised Signal:
1	1	3999.99
2	2	3773.45
3	3	3405.09
4	4	3025.63
5	5	2727.12
6	6	2526.17
7	7	2385.57
8	8	2276.55
9	9	2227.21
10	10	2234.88
11	11	2242.38
12	12	2220.11
13	13	2199.5
14	14	2248.85
15	15	2402.36
16	16	2602.92
17	17	2802.28
18	18	3056.79
19	19	3412.59
20	20	3760.95
21	21	3901.39
22	22	3742.75
23	23	3389.75
24	24	3033.82
25	25	2771
26	26	2564.52
27	27	2370.1
28	28	2227.3
29	29	2173.17
30	30	2186.36
31	31	2263.06
32	32	2426.1
33	33	2674.48
34	34	2992.05
35	35	3373.24
36	36	3743.43
====================

Gaussian Denoiser Window Size: 5
Predicted sites number: 5 
Predicted nucleotides number: 7 

Site#1:
1
Site#2:
9,10,12
Site#3:
20
Site#4:
29
Site#5:
36

extremaRank	extremaLoc	extremaNt	extremaNDS_gd
1	29	29	2177.95
2	12	12	2208.37
3	9	9	2229.73
4	10	10	2240.46
5	20	20	3849.37
6	36	36	3871.23
7	1	1	3900.65

Gaussian Denoised Signal:
1	1	3900.65
2	2	3592.64
3	3	3211.92
4	4	2870.99
5	5	2620.23
6	6	2455.28
7	7	2329.19
8	8	2246.25
9	9	2229.73
10	10	2240.46
11	11	2232.92
12	12	2208.37
13	13	2217.48
14	14	2319.69
15	15	2503
16	16	2703.68
17	17	2922.13
18	18	3229.21
19	19	3592.64
20	20	3849.37
21	21	3839.56
22	22	3571.08
23	23	3206.75
24	24	2895.73
25	25	2668.01
26	26	2466.71
27	27	2293.26
28	28	2194.82
29	29	2177.95
30	30	2219.7
31	31	2339.19
32	32	2546.16
33	33	2829.53
34	34	3179.17
35	35	3561.73
36	36	3871.23
====================

