Gaussian Denoiser Window Size: 1
Predicted sites number: 4 
Predicted nucleotides number: 5 

Site#1:
6
Site#2:
15
Site#3:
23
Site#4:
30,31

extremaRank	extremaLoc	extremaNt	extremaNDS_gd
1	15	15	1778.15
2	30	30	1784.98
3	31	31	1796.34
4	23	23	3042.08
5	6	6	3238.62

Gaussian Denoised Signal:
1	1	1937.85
2	2	2100.56
3	3	2362.67
4	4	2546.43
5	5	2915.36
6	6	3238.62
7	7	3235.8
8	8	2908.84
9	9	2542.6
10	10	2353.13
11	11	2093.72
12	12	1926.83
13	13	1881.07
14	14	1785.32
15	15	1778.15
16	16	1835.48
17	17	1963.2
18	18	2153.7
19	19	2433.22
20	20	2709.75
21	21	2923.85
22	22	3040.16
23	23	3042.08
24	24	2929.32
25	25	2718.07
26	26	2442.93
27	27	2162.29
28	28	1966.81
29	29	1840.24
30	30	1784.98
31	31	1796.34
====================

Gaussian Denoiser Window Size: 2
Predicted sites number: 4 
Predicted nucleotides number: 4 

Site#1:
7
Site#2:
15
Site#3:
23
Site#4:
31

extremaRank	extremaLoc	extremaNt	extremaNDS_gd
1	15	15	1781.74
2	31	31	1790.66
3	23	23	3041.12
4	7	7	3237.21

Gaussian Denoised Signal:
1	1	1937.85
2	2	2019.2
3	3	2231.61
4	4	2454.55
5	5	2730.89
6	6	3076.99
7	7	3237.21
8	8	3072.32
9	9	2725.72
10	10	2447.86
11	11	2223.42
12	12	2010.27
13	13	1903.95
14	14	1833.19
15	15	1781.74
16	16	1806.81
17	17	1899.34
18	18	2058.45
19	19	2293.46
20	20	2571.48
21	21	2816.8
22	22	2982
23	23	3041.12
24	24	2985.7
25	25	2823.7
26	26	2580.5
27	27	2302.61
28	28	2064.55
29	29	1903.52
30	30	1812.61
31	31	1790.66
====================

Gaussian Denoiser Window Size: 3
Predicted sites number: 4 
Predicted nucleotides number: 4 

Site#1:
6
Site#2:
15
Site#3:
23
Site#4:
31

extremaRank	extremaLoc	extremaNt	extremaNDS_gd
1	31	31	1793.23
2	15	15	1795.83
3	23	23	3010.65
4	6	6	3149.25

Gaussian Denoised Signal:
1	1	1982.44
2	2	2127.8
3	3	2341.19
4	4	2597.18
5	5	2902.84
6	6	3149.25
7	7	3146.97
8	8	2898.08
9	9	2591.05
10	10	2333.96
11	11	2119.07
12	12	1960.03
13	13	1867.37
14	14	1809.6
15	15	1795.83
16	16	1854.77
17	17	1980.41
18	18	2178.1
19	19	2432.4
20	20	2692.64
21	21	2897.05
22	22	3008.81
23	23	3010.65
24	24	2902.33
25	25	2700.56
26	26	2441.42
27	27	2185.63
28	28	1985.7
29	29	1859.78
30	30	1803.24
31	31	1793.23
====================

Gaussian Denoiser Window Size: 4
Predicted sites number: 4 
Predicted nucleotides number: 4 

Site#1:
7
Site#2:
15
Site#3:
23
Site#4:
31

extremaRank	extremaLoc	extremaNt	extremaNDS_gd
1	31	31	1798.09
2	15	15	1802.32
3	23	23	3010.32
4	7	7	3149.78

Gaussian Denoised Signal:
1	1	1959.73
2	2	2054.45
3	3	2234.44
4	4	2468.91
5	5	2749.65
6	6	3027
7	7	3149.78
8	8	3023.45
9	9	2744.21
10	10	2462.23
11	11	2226.46
12	12	2039
13	13	1913.52
14	14	1838.38
15	15	1802.32
16	16	1824.95
17	17	1917.25
18	18	2078.86
19	19	2305.03
20	20	2562.69
21	21	2795.25
22	22	2953.47
23	23	3010.32
24	24	2957.03
25	25	2801.86
26	26	2571.17
27	27	2313.32
28	28	2085.27
29	29	1922.38
30	30	1831.16
31	31	1798.09
====================

Gaussian Denoiser Window Size: 5
Predicted sites number: 4 
Predicted nucleotides number: 4 

Site#1:
6
Site#2:
15
Site#3:
23
Site#4:
31

extremaRank	extremaLoc	extremaNt	extremaNDS_gd
1	31	31	1795.96
2	15	15	1809.59
3	23	23	2989.98
4	6	6	3103.31

Gaussian Denoised Signal:
1	1	2000.73
2	2	2140.26
3	3	2350.5
4	4	2605.07
5	5	2891.55
6	6	3103.31
7	7	3101.42
8	8	2886.94
9	9	2599.08
10	10	2343.1
11	11	2129.18
12	12	1971.93
13	13	1874.84
14	14	1817.4
15	15	1809.59
16	16	1867.27
17	17	1994.06
18	18	2188.4
19	19	2433.61
20	20	2682.21
21	21	2879.68
22	22	2988.18
23	23	2989.98
24	24	2884.81
25	25	2689.84
26	26	2442.15
27	27	2195.82
28	28	1999.67
29	29	1872.81
30	30	1811.77
31	31	1795.96
====================

