"nt"	"nds"
1	1937.8536325479513
2	2100.555040467399
3	2362.667782998519
4	2546.430190575956
5	2915.355163025041
6	3238.6243489812305
7	3235.80444591604
8	2908.8449622202197
9	2542.59574642632
10	2353.1257299918857
11	2093.7206326835676
12	1926.826244939668
13	1881.0715937649093
14	1785.318316348826
15	1778.1527720510135
16	1835.4763215875373
17	1963.197423289137
18	2153.704980267806
19	2433.2165342727585
20	2709.747069918501
21	2923.8457771953294
22	3040.1595118428027
23	3042.081037651235
24	2929.3172916662998
25	2718.0728144982254
26	2442.929277518025
27	2162.2927796830036
28	1966.812572658512
29	1840.2353268555246
30	1784.979272373322
31	1796.342583478368
