"nt"	"ndc"
1	103.55299028802517
2	109.25903236329371
3	109.14402109463497
4	103.22097054346415
5	92.20987131224295
6	77.68698894441063
7	62.57933927074705
8	52.10972229131095
9	37.28306196680213
10	27.955066486730992
11	13.973809227790879
12	7.217379486280292
13	18.945024524143758
14	33.40300945368944
15	48.192632827824966
16	58.84819116548087
17	74.00905179768107
18	88.44942151804925
19	99.34827277752518
20	105.2001353445238
21	105.31948453521441
22	99.6927476476333
23	88.9776560157042
24	74.63756342614514
25	59.42513155144146
26	48.44691414519441
27	33.7678797357634
28	19.581747784764328
29	8.753532427726844
30	14.826250558398371
31	28.781537536470584
32	37.61108640954316
33	52.34421412717776
34	63.12120838529954
35	78.2860190422118
