Gaussian Denoiser Window Size: 1
Predicted sites number: 4 
Predicted nucleotides number: 5 

Site#1:
1,2
Site#2:
12
Site#3:
21
Site#4:
29

extremaRank	extremaLoc	extremaNt	extremaNDS_gd
1	12	12	7.22
2	29	29	8.75
3	1	1	103.55
4	21	21	105.32
5	2	2	109.26

Gaussian Denoised Signal:
1	1	103.55
2	2	109.26
3	3	109.14
4	4	103.22
5	5	92.21
6	6	77.69
7	7	62.58
8	8	52.11
9	9	37.28
10	10	27.96
11	11	13.97
12	12	7.22
13	13	18.95
14	14	33.4
15	15	48.19
16	16	58.85
17	17	74.01
18	18	88.45
19	19	99.35
20	20	105.2
21	21	105.32
22	22	99.69
23	23	88.98
24	24	74.64
25	25	59.43
26	26	48.45
27	27	33.77
28	28	19.58
29	29	8.75
30	30	14.83
31	31	28.78
32	32	37.61
33	33	52.34
34	34	63.12
35	35	78.29
====================

Gaussian Denoiser Window Size: 2
Predicted sites number: 4 
Predicted nucleotides number: 5 

Site#1:
1,3
Site#2:
12
Site#3:
21
Site#4:
30

extremaRank	extremaLoc	extremaNt	extremaNDS_gd
1	12	12	10.6
2	30	30	11.79
3	1	1	103.55
4	21	21	105.26
5	3	3	109.2

Gaussian Denoised Signal:
1	1	103.55
2	2	106.41
3	3	109.2
4	4	106.18
5	5	97.72
6	6	84.95
7	7	70.13
8	8	57.34
9	9	44.7
10	10	32.62
11	11	20.96
12	12	10.6
13	13	13.08
14	14	26.17
15	15	40.8
16	16	53.52
17	17	66.43
18	18	81.23
19	19	93.9
20	20	102.27
21	21	105.26
22	22	102.51
23	23	94.34
24	24	81.81
25	25	67.03
26	26	53.94
27	27	41.11
28	28	26.67
29	29	14.17
30	30	11.79
31	31	21.8
32	32	33.2
33	33	44.98
34	34	57.73
35	35	70.7
====================

Gaussian Denoiser Window Size: 3
Predicted sites number: 4 
Predicted nucleotides number: 5 

Site#1:
1,2
Site#2:
12
Site#3:
21
Site#4:
29

extremaRank	extremaLoc	extremaNt	extremaNDS_gd
1	12	12	12.28
2	29	29	13.39
3	21	21	103.74
4	1	1	105.12
5	2	2	107.66

Gaussian Denoised Signal:
1	1	105.12
2	2	107.66
3	3	107.55
4	4	101.83
5	5	91.25
6	6	77.53
7	7	63.85
8	8	50.92
9	9	38.79
10	10	26.68
11	11	15.95
12	12	12.28
13	13	19.69
14	14	33.49
15	15	47.06
16	16	60.08
17	17	73.81
18	18	87.48
19	19	97.97
20	20	103.63
21	21	103.74
22	22	98.3
23	23	87.98
24	24	74.4
25	25	60.59
26	26	47.43
27	27	33.9
28	28	20.5
29	29	13.39
30	30	16.99
31	31	27.38
32	32	39.23
33	33	51.26
34	34	64.32
35	35	74.13
====================

Gaussian Denoiser Window Size: 4
Predicted sites number: 4 
Predicted nucleotides number: 5 

Site#1:
1,3
Site#2:
12
Site#3:
21
Site#4:
30

extremaRank	extremaLoc	extremaNt	extremaNDS_gd
1	12	12	14.05
2	30	30	15.12
3	21	21	103.72
4	1	1	104.32
5	3	3	107.64

Gaussian Denoised Signal:
1	1	104.32
2	2	106.39
3	3	107.64
4	4	104.72
5	5	96.56
6	6	84.4
7	7	70.68
8	8	57.38
9	9	44.85
10	10	32.73
11	11	21.31
12	12	14.05
13	13	15.93
14	14	26.59
15	15	40.29
16	16	53.57
17	17	66.94
18	18	80.66
19	19	92.74
20	20	100.82
21	21	103.72
22	22	101.05
23	23	93.16
24	24	81.2
25	25	67.48
26	26	54.01
27	27	40.68
28	28	27.19
29	29	16.89
30	30	15.12
31	31	22.17
32	32	33.3
33	33	45.24
34	34	57.79
35	35	69.25
====================

Gaussian Denoiser Window Size: 5
Predicted sites number: 4 
Predicted nucleotides number: 5 

Site#1:
1,2
Site#2:
12
Site#3:
21
Site#4:
29

extremaRank	extremaLoc	extremaNt	extremaNDS_gd
1	12	12	14.29
2	29	29	15.34
3	21	21	102.7
4	1	1	105.25
5	2	2	107.2

Gaussian Denoised Signal:
1	1	105.25
2	2	107.2
3	3	106.5
4	4	100.92
5	5	90.66
6	6	77.54
7	7	63.95
8	8	51.12
9	9	38.73
10	10	27
11	11	17.28
12	12	14.29
13	13	20.93
14	14	33.44
15	15	47
16	16	60.17
17	17	73.81
18	18	86.88
19	19	97.06
20	20	102.59
21	21	102.7
22	22	97.39
23	23	87.37
24	24	74.36
25	25	60.67
26	26	47.4
27	27	33.92
28	28	21.72
29	29	15.34
30	30	18.25
31	31	27.72
32	32	39.2
33	33	51.51
34	34	63.63
35	35	73.17
====================

