Gaussian Denoiser Window Size: 1
Predicted sites number: 4 
Predicted nucleotides number: 5 

Site#1:
1,2
Site#2:
12
Site#3:
21
Site#4:
29

extremaRank	extremaLoc	extremaNt	extremaNDS_gd
1	12	12	7.22
2	29	29	8.75
3	1	1	103.55
4	21	21	105.32
5	2	2	109.26

Gaussian Denoised Signal:
1	1	103.55
2	2	109.26
3	3	109.14
4	4	103.22
5	5	92.21
6	6	77.69
7	7	62.58
8	8	52.11
9	9	37.28
10	10	27.96
11	11	13.97
12	12	7.22
13	13	18.95
14	14	33.4
15	15	48.19
16	16	58.85
17	17	74.01
18	18	88.45
19	19	99.35
20	20	105.2
21	21	105.32
22	22	99.69
23	23	88.98
24	24	74.64
25	25	59.43
26	26	48.45
27	27	33.77
28	28	19.58
29	29	8.75
30	30	14.83
31	31	28.78
32	32	37.61
33	33	52.34
34	34	63.12
35	35	78.29
====================

Gaussian Denoiser Window Size: 2
Predicted sites number: 4 
Predicted nucleotides number: 5 

Site#1:
1,3
Site#2:
12
Site#3:
21
Site#4:
30

extremaRank	extremaLoc	extremaNt	extremaNDS_gd
1	12	12	10.6
2	30	30	11.79
3	1	1	103.55
4	21	21	105.26
5	3	3	109.2

Gaussian Denoised Signal:
1	1	103.55
2	2	106.41
3	3	109.2
4	4	106.18
5	5	97.72
6	6	84.95
7	7	70.13
8	8	57.34
9	9	44.7
10	10	32.62
11	11	20.96
12	12	10.6
13	13	13.08
14	14	26.17
15	15	40.8
16	16	53.52
17	17	66.43
18	18	81.23
19	19	93.9
20	20	102.27
21	21	105.26
22	22	102.51
23	23	94.34
24	24	81.81
25	25	67.03
26	26	53.94
27	27	41.11
28	28	26.67
29	29	14.17
30	30	11.79
31	31	21.8
32	32	33.2
33	33	44.98
34	34	57.73
35	35	70.7
====================

