"nt"	"ndc"
1	112.56394272550759
2	97.59499362599868
3	82.6373061020632
4	67.69834516997784
5	52.79401024454224
6	37.96510366966222
7	23.006905814874703
8	8.020103009299712
9	15.67951597218113
10	27.42817749986296
11	42.402647261770035
12	57.39119305090367
13	72.38457235354848
14	87.38029709154172
15	101.50530867458058
16	115.62433814850476
17	116.95609630637962
18	104.46965471806325
19	88.98696022195013
20	74.31614282605722
21	59.80896094685926
22	45.621887582558095
23	32.18059771967525
24	32.98665206789255
25	31.62154064401088
26	28.181252474235798
27	22.94938966774246
28	16.482128944494296
29	27.141120510084637
30	31.82477702267428
31	36.70042227586961
32	40.748600459218736
33	43.226881765569395
34	56.69587046890759
35	70.7833324256479
36	85.18297112881429
37	99.75969622740959
38	114.4458623648652
