Gaussian Denoiser Window Size: 1
Predicted sites number: 6 
Predicted nucleotides number: 7 

Site#1:
1
Site#2:
8
Site#3:
17
Site#4:
23,24
Site#5:
28
Site#6:
38

extremaRank	extremaLoc	extremaNt	extremaNDS_gd
1	8	8	8.02
2	28	28	16.48
3	23	23	32.18
4	24	24	32.99
5	1	1	112.56
6	38	38	114.45
7	17	17	116.96

Gaussian Denoised Signal:
1	1	112.56
2	2	97.59
3	3	82.64
4	4	67.7
5	5	52.79
6	6	37.97
7	7	23.01
8	8	8.02
9	9	15.68
10	10	27.43
11	11	42.4
12	12	57.39
13	13	72.38
14	14	87.38
15	15	101.51
16	16	115.62
17	17	116.96
18	18	104.47
19	19	88.99
20	20	74.32
21	21	59.81
22	22	45.62
23	23	32.18
24	24	32.99
25	25	31.62
26	26	28.18
27	27	22.95
28	28	16.48
29	29	27.14
30	30	31.82
31	31	36.7
32	32	40.75
33	33	43.23
34	34	56.7
35	35	70.78
36	36	85.18
37	37	99.76
38	38	114.45
====================

Gaussian Denoiser Window Size: 2
Predicted sites number: 5 
Predicted nucleotides number: 5 

Site#1:
1
Site#2:
9
Site#3:
17
Site#4:
28
Site#5:
38

extremaRank	extremaLoc	extremaNt	extremaNDS_gd
1	9	9	11.85
2	28	28	19.72
3	38	38	107.1
4	1	1	112.56
5	17	17	116.29

Gaussian Denoised Signal:
1	1	112.56
2	2	105.08
3	3	90.12
4	4	75.17
5	5	60.25
6	6	45.38
7	7	30.49
8	8	15.51
9	9	11.85
10	10	21.55
11	11	34.92
12	12	49.9
13	13	64.89
14	14	79.88
15	15	94.44
16	16	108.56
17	17	116.29
18	18	110.71
19	19	96.73
20	20	81.65
21	21	67.06
22	22	52.72
23	23	38.9
24	24	32.58
25	25	32.3
26	26	29.9
27	27	25.57
28	28	19.72
29	29	21.81
30	30	29.48
31	31	34.26
32	32	38.72
33	33	41.99
34	34	49.96
35	35	63.74
36	36	77.98
37	37	92.47
38	38	107.1
====================

