Gaussian Denoiser Window Size: 1
Predicted sites number: 5 
Predicted nucleotides number: 5 

Site#1:
1
Site#2:
7
Site#3:
18
Site#4:
29
Site#5:
35

extremaRank	extremaLoc	extremaNt	extremaNDS_gd
1	29	29	22.29
2	7	7	22.95
3	18	18	107.2
4	35	35	111.51
5	1	1	111.64

Gaussian Denoised Signal:
1	1	111.64
2	2	96.69
3	3	81.76
4	4	66.86
5	5	52.02
6	6	37.3
7	7	22.95
8	8	26.61
9	9	31.76
10	10	37.18
11	11	42.05
12	12	45.9
13	13	48.4
14	14	49.39
15	15	64.17
16	16	79.03
17	17	94.16
18	18	107.2
19	19	106.86
20	20	93.41
21	21	78.61
22	22	63.66
23	23	48.73
24	24	46.23
25	25	42.11
26	26	36.75
27	27	30.81
28	28	25.41
29	29	22.29
30	30	36.9
31	31	51.73
32	32	66.64
33	33	81.58
34	34	96.54
35	35	111.51
====================

Gaussian Denoiser Window Size: 2
Predicted sites number: 5 
Predicted nucleotides number: 5 

Site#1:
1
Site#2:
8
Site#3:
19
Site#4:
29
Site#5:
35

extremaRank	extremaLoc	extremaNt	extremaNDS_gd
1	29	29	23.85
2	8	8	24.78
3	35	35	104.02
4	19	19	107.03
5	1	1	111.64

Gaussian Denoised Signal:
1	1	111.64
2	2	104.17
3	3	89.23
4	4	74.31
5	5	59.44
6	6	44.66
7	7	30.12
8	8	24.78
9	9	29.18
10	10	34.47
11	11	39.62
12	12	43.97
13	13	47.15
14	14	48.9
15	15	56.78
16	16	71.6
17	17	86.59
18	18	100.68
19	19	107.03
20	20	100.14
21	21	86.01
22	22	71.14
23	23	56.19
24	24	47.48
25	25	44.17
26	26	39.43
27	27	33.78
28	28	28.11
29	29	23.85
30	30	29.59
31	31	44.31
32	32	59.18
33	33	74.11
34	34	89.06
35	35	104.02
====================

