Gaussian Denoiser Window Size: 1
Predicted sites number: 5 
Predicted nucleotides number: 5 

Site#1:
1
Site#2:
7
Site#3:
18
Site#4:
29
Site#5:
35

extremaRank	extremaLoc	extremaNt	extremaNDS_gd
1	29	29	22.29
2	7	7	22.95
3	18	18	107.2
4	35	35	111.51
5	1	1	111.64

Gaussian Denoised Signal:
1	1	111.64
2	2	96.69
3	3	81.76
4	4	66.86
5	5	52.02
6	6	37.3
7	7	22.95
8	8	26.61
9	9	31.76
10	10	37.18
11	11	42.05
12	12	45.9
13	13	48.4
14	14	49.39
15	15	64.17
16	16	79.03
17	17	94.16
18	18	107.2
19	19	106.86
20	20	93.41
21	21	78.61
22	22	63.66
23	23	48.73
24	24	46.23
25	25	42.11
26	26	36.75
27	27	30.81
28	28	25.41
29	29	22.29
30	30	36.9
31	31	51.73
32	32	66.64
33	33	81.58
34	34	96.54
35	35	111.51
====================

Gaussian Denoiser Window Size: 2
Predicted sites number: 5 
Predicted nucleotides number: 5 

Site#1:
1
Site#2:
8
Site#3:
19
Site#4:
29
Site#5:
35

extremaRank	extremaLoc	extremaNt	extremaNDS_gd
1	29	29	23.85
2	8	8	24.78
3	35	35	104.02
4	19	19	107.03
5	1	1	111.64

Gaussian Denoised Signal:
1	1	111.64
2	2	104.17
3	3	89.23
4	4	74.31
5	5	59.44
6	6	44.66
7	7	30.12
8	8	24.78
9	9	29.18
10	10	34.47
11	11	39.62
12	12	43.97
13	13	47.15
14	14	48.9
15	15	56.78
16	16	71.6
17	17	86.59
18	18	100.68
19	19	107.03
20	20	100.14
21	21	86.01
22	22	71.14
23	23	56.19
24	24	47.48
25	25	44.17
26	26	39.43
27	27	33.78
28	28	28.11
29	29	23.85
30	30	29.59
31	31	44.31
32	32	59.18
33	33	74.11
34	34	89.06
35	35	104.02
====================

Gaussian Denoiser Window Size: 3
Predicted sites number: 5 
Predicted nucleotides number: 5 

Site#1:
1
Site#2:
8
Site#3:
18
Site#4:
28
Site#5:
35

extremaRank	extremaLoc	extremaNt	extremaNDS_gd
1	28	28	26.04
2	8	8	27.02
3	18	18	103.53
4	35	35	107.41
5	1	1	107.54

Gaussian Denoised Signal:
1	1	107.54
2	2	96.7
3	3	81.77
4	4	66.88
5	5	52.05
6	6	37.4
7	7	27.88
8	8	27.02
9	9	31.83
10	10	37.03
11	11	41.77
12	12	45.53
13	13	47.99
14	14	53.17
15	15	64.19
16	16	79.1
17	17	93.59
18	18	103.53
19	19	103.27
20	20	93.04
21	21	78.57
22	22	63.66
23	23	52.13
24	24	45.79
25	25	41.77
26	26	36.59
27	27	30.96
28	28	26.04
29	29	27.15
30	30	36.96
31	31	51.75
32	32	66.65
33	33	81.58
34	34	96.54
35	35	107.41
====================

Gaussian Denoiser Window Size: 4
Predicted sites number: 5 
Predicted nucleotides number: 5 

Site#1:
1
Site#2:
8
Site#3:
19
Site#4:
29
Site#5:
35

extremaRank	extremaLoc	extremaNt	extremaNDS_gd
1	29	29	26.54
2	8	8	27.4
3	35	35	102.01
4	19	19	103.47
5	1	1	109.63

Gaussian Denoised Signal:
1	1	109.63
2	2	102.16
3	3	89.23
4	4	74.32
5	5	59.46
6	6	44.72
7	7	32.59
8	8	27.4
9	9	29.42
10	10	34.43
11	11	39.4
12	12	43.66
13	13	46.76
14	14	50.55
15	15	58.64
16	16	71.65
17	17	86.35
18	18	98.6
19	19	103.47
20	20	98.19
21	21	85.81
22	22	71.12
23	23	57.87
24	24	48.93
25	25	43.79
26	26	39.19
27	27	33.78
28	28	28.49
29	29	26.54
30	30	32.01
31	31	44.35
32	32	59.2
33	33	74.11
34	34	89.06
35	35	102.01
====================

Gaussian Denoiser Window Size: 5
Predicted sites number: 5 
Predicted nucleotides number: 5 

Site#1:
1
Site#2:
8
Site#3:
18
Site#4:
28
Site#5:
35

extremaRank	extremaLoc	extremaNt	extremaNDS_gd
1	28	28	27.21
2	8	8	28.13
3	18	18	101.65
4	35	35	106.22
5	1	1	106.36

Gaussian Denoised Signal:
1	1	106.36
2	2	95.89
3	3	81.78
4	4	66.89
5	5	52.08
6	6	38.42
7	7	29.41
8	8	28.13
9	9	31.91
10	10	36.95
11	11	41.59
12	12	45.28
13	13	48.54
14	14	54.18
15	15	64.96
16	16	79.01
17	17	92.71
18	18	101.65
19	19	101.43
20	20	92.21
21	21	78.49
22	22	64.33
23	23	53.03
24	24	46.27
25	25	41.55
26	26	36.51
27	27	31.09
28	28	27.21
29	29	28.69
30	30	37.95
31	31	51.77
32	32	66.65
33	33	81.59
34	34	95.73
35	35	106.22
====================

