"nt"	"ndc"
1	111.64210934265229
2	96.69232651585212
3	81.76094077014763
4	66.86027867269935
5	52.0167501172694
6	37.298628947105755
7	22.948489054953157
8	26.606010890498137
9	31.763607337277264
10	37.178402615222616
11	42.0531999253618
12	45.895543414735585
13	48.40075840600782
14	49.39084940341704
15	64.16743066845534
16	79.0283249743291
17	94.16104895636228
18	107.19655380010869
19	106.86212423314258
20	93.40974605799758
21	78.61415121731962
22	63.656469599087835
23	48.72509355724678
24	46.23282427381956
25	42.110564417184904
26	36.75034035515307
27	30.81296580832987
28	25.40967309548848
29	22.289017312623894
30	36.89654271325456
31	51.72919326279494
32	66.63680669906203
33	81.57829722712242
34	96.53793632508052
35	111.50841995712194
