Gaussian Denoiser Window Size: 1
Predicted sites number: 6 
Predicted nucleotides number: 7 

Site#1:
1
Site#2:
8
Site#3:
17
Site#4:
23,24
Site#5:
28
Site#6:
38

extremaRank	extremaLoc	extremaNt	extremaNDS_gd
1	8	8	8.02
2	28	28	16.48
3	23	23	32.18
4	24	24	32.99
5	1	1	112.56
6	38	38	114.45
7	17	17	116.96

Gaussian Denoised Signal:
1	1	112.56
2	2	97.59
3	3	82.64
4	4	67.7
5	5	52.79
6	6	37.97
7	7	23.01
8	8	8.02
9	9	15.68
10	10	27.43
11	11	42.4
12	12	57.39
13	13	72.38
14	14	87.38
15	15	101.51
16	16	115.62
17	17	116.96
18	18	104.47
19	19	88.99
20	20	74.32
21	21	59.81
22	22	45.62
23	23	32.18
24	24	32.99
25	25	31.62
26	26	28.18
27	27	22.95
28	28	16.48
29	29	27.14
30	30	31.82
31	31	36.7
32	32	40.75
33	33	43.23
34	34	56.7
35	35	70.78
36	36	85.18
37	37	99.76
38	38	114.45
====================

Gaussian Denoiser Window Size: 2
Predicted sites number: 5 
Predicted nucleotides number: 5 

Site#1:
1
Site#2:
9
Site#3:
17
Site#4:
28
Site#5:
38

extremaRank	extremaLoc	extremaNt	extremaNDS_gd
1	9	9	11.85
2	28	28	19.72
3	38	38	107.1
4	1	1	112.56
5	17	17	116.29

Gaussian Denoised Signal:
1	1	112.56
2	2	105.08
3	3	90.12
4	4	75.17
5	5	60.25
6	6	45.38
7	7	30.49
8	8	15.51
9	9	11.85
10	10	21.55
11	11	34.92
12	12	49.9
13	13	64.89
14	14	79.88
15	15	94.44
16	16	108.56
17	17	116.29
18	18	110.71
19	19	96.73
20	20	81.65
21	21	67.06
22	22	52.72
23	23	38.9
24	24	32.58
25	25	32.3
26	26	29.9
27	27	25.57
28	28	19.72
29	29	21.81
30	30	29.48
31	31	34.26
32	32	38.72
33	33	41.99
34	34	49.96
35	35	63.74
36	36	77.98
37	37	92.47
38	38	107.1
====================

Gaussian Denoiser Window Size: 3
Predicted sites number: 5 
Predicted nucleotides number: 5 

Site#1:
1
Site#2:
8
Site#3:
17
Site#4:
28
Site#5:
38

extremaRank	extremaLoc	extremaNt	extremaNDS_gd
1	8	8	14.23
2	28	28	21.18
3	1	1	108.46
4	38	38	110.42
5	17	17	113.17

Gaussian Denoised Signal:
1	1	108.46
2	2	97.6
3	3	82.64
4	4	67.71
5	5	52.81
6	6	37.93
7	7	23
8	8	14.23
9	9	16.8
10	10	28.31
11	11	42.41
12	12	57.39
13	13	72.39
14	14	87.14
15	15	101.5
16	16	112.12
17	17	113.17
18	18	103.65
19	19	89.21
20	20	74.36
21	21	59.9
22	22	45.83
23	23	36.09
24	24	32.39
25	25	31.05
26	26	27.69
27	27	22.61
28	28	21.18
29	29	25.5
30	30	31.88
31	31	36.47
32	32	40.32
33	33	46.24
34	34	56.87
35	35	70.87
36	36	85.23
37	37	99.79
38	38	110.42
====================

Gaussian Denoiser Window Size: 4
Predicted sites number: 5 
Predicted nucleotides number: 5 

Site#1:
1
Site#2:
9
Site#3:
17
Site#4:
28
Site#5:
38

extremaRank	extremaLoc	extremaNt	extremaNDS_gd
1	9	9	15.44
2	28	28	21.85
3	38	38	105.14
4	1	1	110.55
5	17	17	112.71

Gaussian Denoised Signal:
1	1	110.55
2	2	103.07
3	3	90.12
4	4	75.17
5	5	60.26
6	6	45.37
7	7	30.46
8	8	18.55
9	9	15.44
10	10	22.54
11	11	35.35
12	12	49.9
13	13	64.89
14	14	79.77
15	15	94.32
16	16	106.84
17	17	112.71
18	18	108.45
19	19	96.43
20	20	81.78
21	21	67.13
22	22	52.86
23	23	40.92
24	24	34.21
25	25	31.73
26	26	29.38
27	27	25.16
28	28	21.85
29	29	23.31
30	30	28.71
31	31	34.18
32	32	38.4
33	33	43.25
34	34	51.52
35	35	63.86
36	36	78.05
37	37	92.51
38	38	105.14
====================

Gaussian Denoiser Window Size: 5
Predicted sites number: 5 
Predicted nucleotides number: 5 

Site#1:
1
Site#2:
8
Site#3:
17
Site#4:
28
Site#5:
38

extremaRank	extremaLoc	extremaNt	extremaNDS_gd
1	8	8	16.24
2	28	28	22.14
3	1	1	107.28
4	38	38	109.26
5	17	17	111.22

Gaussian Denoised Signal:
1	1	107.28
2	2	96.78
3	3	82.65
4	4	67.72
5	5	52.82
6	6	37.92
7	7	24.22
8	8	16.24
9	9	18.53
10	10	28.79
11	11	42.58
12	12	57.39
13	13	72.34
14	14	87.07
15	15	100.76
16	16	110.35
17	17	111.22
18	18	102.7
19	19	89.12
20	20	74.44
21	21	59.97
22	22	46.68
23	23	37.13
24	24	32.88
25	25	30.67
26	26	27.37
27	27	23.35
28	28	22.14
29	29	25.97
30	30	31.52
31	31	36.33
32	32	40.75
33	33	47.06
34	34	57.53
35	35	70.94
36	36	85.27
37	37	99.01
38	38	109.26
====================

