"nt"	"ndc"
1	84.61164256278846
2	69.75132242653181
3	54.966934636442325
4	40.342047870724734
5	26.145702313779392
6	13.773694949347925
7	18.837857601628457
8	23.1607123134282
9	25.77627387175149
10	26.25907756047274
11	40.16468437115639
12	54.65136820952496
13	70.35579032004183
14	82.55046328260717
15	81.62477881616869
16	68.1941268513589
17	53.364747248931174
18	38.39557422537334
19	23.46395967837614
20	16.074801875199668
21	10.047639383112683
22	24.389303682068366
23	39.226537076566295
24	54.153525166348196
25	69.11213616193167
26	84.0854948358423
