"nt"	"ndc"
1	98.92102604558622
2	105.00463370516897
3	99.14909766597002
4	84.35593197858739
5	70.46149521598896
6	55.593654791757466
7	40.821594801889034
8	26.310255019704236
9	23.56186565827602
10	18.452466315843996
11	13.102791729440687
12	22.844585765176824
13	27.6367264425427
14	41.966812866857964
15	56.64493869661976
16	71.45601084340973
17	86.71271815901319
18	99.58766076310054
19	99.16749901998787
20	85.75903207793223
21	70.92093544637558
22	55.96724419557422
23	41.04749353011827
24	26.21968709506588
25	12.177526634904511
26	16.891370306965452
27	22.362007177539407
28	25.861116933353465
29	40.53462905931253
30	55.38267310218788
31	70.29515157471066
