Gaussian Denoiser Window Size: 1
Predicted sites number: 4 
Predicted nucleotides number: 5 

Site#1:
1,2
Site#2:
11
Site#3:
18
Site#4:
25

extremaRank	extremaLoc	extremaNt	extremaNDS_gd
1	25	25	12.18
2	11	11	13.1
3	1	1	98.92
4	18	18	99.59
5	2	2	105

Gaussian Denoised Signal:
1	1	98.92
2	2	105
3	3	99.15
4	4	84.36
5	5	70.46
6	6	55.59
7	7	40.82
8	8	26.31
9	9	23.56
10	10	18.45
11	11	13.1
12	12	22.84
13	13	27.64
14	14	41.97
15	15	56.64
16	16	71.46
17	17	86.71
18	18	99.59
19	19	99.17
20	20	85.76
21	21	70.92
22	22	55.97
23	23	41.05
24	24	26.22
25	25	12.18
26	26	16.89
27	27	22.36
28	28	25.86
29	29	40.53
30	30	55.38
31	31	70.3
====================

Gaussian Denoiser Window Size: 2
Predicted sites number: 4 
Predicted nucleotides number: 5 

Site#1:
1,3
Site#2:
11
Site#3:
19
Site#4:
26

extremaRank	extremaLoc	extremaNt	extremaNDS_gd
1	26	26	14.53
2	11	11	15.78
3	1	1	98.92
4	19	19	99.38
5	3	3	102.08

Gaussian Denoised Signal:
1	1	98.92
2	2	101.96
3	3	102.08
4	4	91.75
5	5	77.41
6	6	63.03
7	7	48.21
8	8	33.57
9	9	24.94
10	10	21.01
11	11	15.78
12	12	17.97
13	13	25.24
14	14	34.8
15	15	49.31
16	16	64.05
17	17	79.08
18	18	93.15
19	19	99.38
20	20	92.46
21	21	78.34
22	22	63.44
23	23	48.51
24	24	33.63
25	25	19.2
26	26	14.53
27	27	19.63
28	28	24.11
29	29	33.2
30	30	47.96
31	31	62.84
====================

Gaussian Denoiser Window Size: 3
Predicted sites number: 4 
Predicted nucleotides number: 5 

Site#1:
1,2
Site#2:
11
Site#3:
18
Site#4:
26

extremaRank	extremaLoc	extremaNt	extremaNDS_gd
1	26	26	17.1
2	11	11	17.24
3	18	18	95.94
4	1	1	100.59
5	2	2	101.73

Gaussian Denoised Signal:
1	1	100.59
2	2	101.73
3	3	96.7
4	4	84.6
5	5	70.19
6	6	55.62
7	7	40.89
8	8	29.53
9	9	22.91
10	10	18.39
11	11	17.24
12	12	21.49
13	13	30.25
14	14	42.06
15	15	56.68
16	16	71.58
17	17	86.06
18	18	95.94
19	19	95.61
20	20	85.37
21	21	70.89
22	22	55.98
23	23	41.07
24	24	26.44
25	25	17.32
26	26	17.1
27	27	21.82
28	28	28.92
29	29	40.58
30	30	55.4
31	31	66.21
====================

Gaussian Denoiser Window Size: 4
Predicted sites number: 4 
Predicted nucleotides number: 5 

Site#1:
1,2
Site#2:
11
Site#3:
19
Site#4:
26

extremaRank	extremaLoc	extremaNt	extremaNDS_gd
1	26	26	17.16
2	11	11	17.77
3	19	19	95.84
4	1	1	99.74
5	2	2	101.18

Gaussian Denoised Signal:
1	1	99.74
2	2	101.18
3	3	99.27
4	4	90.67
5	5	77.4
6	6	62.91
7	7	48.26
8	8	35.18
9	9	26.2
10	10	20.66
11	11	17.77
12	12	19.34
13	13	25.86
14	14	36.13
15	15	49.37
16	16	64.13
17	17	78.82
18	18	91.04
19	19	95.84
20	20	90.52
21	21	78.13
22	22	63.43
23	23	48.52
24	24	33.75
25	25	21.83
26	26	17.16
27	27	19.46
28	28	25.35
29	29	34.72
30	30	47.99
31	31	60.84
====================

Gaussian Denoiser Window Size: 5
Predicted sites number: 4 
Predicted nucleotides number: 5 

Site#1:
1,2
Site#2:
11
Site#3:
18
Site#4:
26

extremaRank	extremaLoc	extremaNt	extremaNDS_gd
1	26	26	18.07
2	11	11	18.15
3	18	18	94.05
4	1	1	100.42
5	2	2	100.63

Gaussian Denoised Signal:
1	1	100.42
2	2	100.63
3	3	95.39
4	4	84.13
5	5	70.17
6	6	55.59
7	7	41.56
8	8	30.35
9	9	23.36
10	10	19.06
11	11	18.15
12	12	22.44
13	13	30.75
14	14	42.62
15	15	56.74
16	16	71.49
17	17	85.17
18	18	94.05
19	19	93.78
20	20	84.54
21	21	70.8
22	22	55.98
23	23	41.12
24	24	27.52
25	25	18.89
26	26	18.07
27	27	22.32
28	28	29.71
29	29	41.21
30	30	54.6
31	31	65.03
====================

