"nt"	"ndc"
1	59.43830839747713
2	45.21352484416139
3	44.774758368009074
4	41.76643469095248
5	36.37456685863901
6	28.93582562557355
7	19.964260508057873
8	10.370327487287938
9	21.414207431366684
10	35.49104616144191
11	50.10570781092311
12	65.68083595748155
13	78.12635655778145
14	77.7090741403705
15	64.69790609929817
16	49.509005755252254
17	34.6434761141777
18	19.97809699529964
19	6.935399904374681
20	20.82769982099801
21	33.5587775658411
22	42.14719893318653
23	57.14074887708071
24	73.1078184942869
25	83.63465794988102
