"nt"	"ndc"
1	90.44379141801498
2	75.51176496046632
3	60.61331445172769
4	45.78123120016903
5	31.11058295150768
6	17.02397171525935
7	22.97014071676874
8	30.810465154406803
9	38.56441170207925
10	45.331486319797065
11	50.60981836557439
12	54.08583987065072
13	55.5713371935496
14	71.07600632079487
15	83.61392877610608
16	83.13568721589122
17	69.96109777827431
18	54.910741166412116
19	51.89598254994327
20	46.69688552115379
21	39.66467575159528
22	31.37756427322826
23	22.90121893525695
24	16.705308650242934
25	30.937357607277505
26	45.66369295557754
27	60.5245868466853
28	75.44056184561884
29	90.38435224198562
