Gaussian Denoiser Window Size: 1
Predicted sites number: 6 
Predicted nucleotides number: 6 

Site#1:
7
Site#2:
16
Site#3:
21
Site#4:
31
Site#5:
44
Site#6:
60

extremaRank	extremaLoc	extremaNt	extremaNDS_gd
1	44	44	1.24
2	7	7	15.26
3	21	21	57.93
4	16	16	123.75
5	31	31	177.74
6	60	60	199.61

Gaussian Denoised Signal:
1	1	87.23
2	2	74.84
3	3	60.42
4	4	45.32
5	5	32.56
6	6	20.53
7	7	15.26
8	8	22.23
9	9	34.73
10	10	49.73
11	11	63.53
12	12	77.79
13	13	92.27
14	14	104.4
15	15	119.79
16	16	123.75
17	17	113.15
18	18	96.94
19	19	83.27
20	20	70.14
21	21	57.93
22	22	68.45
23	23	71.03
24	24	85.32
25	25	99.82
26	26	114.45
27	27	129.16
28	28	143.93
29	29	157.98
30	30	172.71
31	31	177.74
32	32	169.98
33	33	154.3
34	34	142.24
35	35	127.27
36	36	112.31
37	37	97.36
38	38	82.43
39	39	67.53
40	40	55.43
41	41	37.59
42	42	31.22
43	43	16.22
44	44	1.24
45	45	13.78
46	46	28.78
47	47	37.29
48	48	51.56
49	49	66.59
50	50	80.27
51	51	91.54
52	52	99.73
53	53	104.43
54	54	119.43
55	55	134.43
56	56	149.43
57	57	164.43
58	58	177.04
59	59	192.55
60	60	199.61
61	61	193.71
62	62	178.58
63	63	165.14
64	64	150.21
65	65	135.29
66	66	120.4
67	67	105.54
68	68	102.97
====================

Gaussian Denoiser Window Size: 2
Predicted sites number: 6 
Predicted nucleotides number: 6 

Site#1:
7
Site#2:
16
Site#3:
22
Site#4:
31
Site#5:
45
Site#6:
61

extremaRank	extremaLoc	extremaNt	extremaNDS_gd
1	45	45	7.51
2	7	7	17.89
3	22	22	63.19
4	16	16	121.77
5	31	31	175.22
6	61	61	196.66

Gaussian Denoised Signal:
1	1	87.23
2	2	81.04
3	3	67.63
4	4	52.87
5	5	38.94
6	6	26.54
7	7	17.89
8	8	18.75
9	9	28.48
10	10	42.23
11	11	56.63
12	12	70.66
13	13	85.03
14	14	98.34
15	15	112.09
16	16	121.77
17	17	118.45
18	18	105.04
19	19	90.1
20	20	76.7
21	21	64.03
22	22	63.19
23	23	69.74
24	24	78.17
25	25	92.57
26	26	107.13
27	27	121.8
28	28	136.54
29	29	150.95
30	30	165.34
31	31	175.22
32	32	173.86
33	33	162.14
34	34	148.27
35	35	134.75
36	36	119.79
37	37	104.83
38	38	89.89
39	39	74.98
40	40	61.48
41	41	46.51
42	42	34.4
43	43	23.72
44	44	8.73
45	45	7.51
46	46	21.28
47	47	33.04
48	48	44.43
49	49	59.07
50	50	73.43
51	51	85.9
52	52	95.63
53	53	102.08
54	54	111.93
55	55	126.93
56	56	141.93
57	57	156.93
58	58	170.73
59	59	184.79
60	60	196.08
61	61	196.66
62	62	186.14
63	63	171.86
64	64	157.67
65	65	142.75
66	66	127.85
67	67	112.97
68	68	104.26
====================

Gaussian Denoiser Window Size: 3
Predicted sites number: 6 
Predicted nucleotides number: 6 

Site#1:
7
Site#2:
16
Site#3:
21
Site#4:
31
Site#5:
44
Site#6:
60

extremaRank	extremaLoc	extremaNt	extremaNDS_gd
1	44	44	8.78
2	7	7	18.62
3	21	21	64.16
4	16	16	119.76
5	31	31	174.23
6	60	60	196.06

Gaussian Denoised Signal:
1	1	83.83
2	2	74.28
3	3	60.23
4	4	45.96
5	5	32.76
6	6	22.38
7	7	18.62
8	8	23.75
9	9	35.41
10	10	49.4
11	11	63.66
12	12	77.85
13	13	91.63
14	14	105.29
15	15	116.66
16	16	119.76
17	17	111.61
18	18	97.63
19	19	83.42
20	20	70.39
21	21	64.16
22	22	66.27
23	23	74.24
24	24	85.38
25	25	99.85
26	26	114.47
27	27	129.17
28	28	143.73
29	29	158.16
30	30	170.05
31	31	174.23
32	32	167.81
33	33	155.29
34	34	141.44
35	35	127.27
36	36	112.31
37	37	97.36
38	38	82.44
39	39	68.3
40	40	53.86
41	41	40.73
42	42	28.85
43	43	16.22
44	44	8.78
45	45	14.46
46	46	27
47	47	38.87
48	48	51.77
49	49	66.22
50	50	79.61
51	51	90.69
52	52	98.77
53	53	107.26
54	54	119.43
55	55	134.43
56	56	149.43
57	57	163.78
58	58	177.83
59	59	190.23
60	60	196.06
61	61	191.18
62	62	179.04
63	63	164.73
64	64	150.21
65	65	135.3
66	66	120.41
67	67	108.91
68	68	103.68
====================

Gaussian Denoiser Window Size: 4
Predicted sites number: 6 
Predicted nucleotides number: 6 

Site#1:
7
Site#2:
16
Site#3:
22
Site#4:
31
Site#5:
45
Site#6:
61

extremaRank	extremaLoc	extremaNt	extremaNDS_gd
1	45	45	11.54
2	7	7	20.45
3	22	22	65.18
4	16	16	118.27
5	31	31	172.2
6	61	61	193.68

Gaussian Denoised Signal:
1	1	85.56
2	2	79.1
3	3	67.26
4	4	53.09
5	5	39.35
6	6	27.55
7	7	20.45
8	8	21.14
9	9	29.56
10	10	42.4
11	11	56.53
12	12	70.75
13	13	84.74
14	14	98.46
15	15	111
16	16	118.27
17	17	115.74
18	18	104.63
19	19	90.52
20	20	76.9
21	21	67.21
22	22	65.18
23	23	70.25
24	24	79.78
25	25	92.61
26	26	107.16
27	27	121.82
28	28	136.46
29	29	150.95
30	30	164.13
31	31	172.2
32	32	171.07
33	33	161.56
34	34	148.36
35	35	134.36
36	36	119.79
37	37	104.84
38	38	89.9
39	39	75.36
40	40	61.09
41	41	47.28
42	42	34.79
43	43	22.56
44	44	12.43
45	45	11.54
46	46	20.74
47	47	32.94
48	48	45.3
49	49	58.99
50	50	72.92
51	51	85.17
52	52	94.75
53	53	103
54	54	113.32
55	55	126.93
56	56	141.93
57	57	156.61
58	58	170.8
59	59	184.05
60	60	193.2
61	61	193.68
62	62	185.13
63	63	171.88
64	64	157.47
65	65	142.75
66	66	127.85
67	67	114.63
68	68	106.25
====================

Gaussian Denoiser Window Size: 5
Predicted sites number: 6 
Predicted nucleotides number: 6 

Site#1:
7
Site#2:
16
Site#3:
21
Site#4:
31
Site#5:
44
Site#6:
60

extremaRank	extremaLoc	extremaNt	extremaNDS_gd
1	44	44	11.09
2	7	7	20.25
3	21	21	65.57
4	16	16	117.68
5	31	31	172.26
6	60	60	194.07

Gaussian Denoised Signal:
1	1	82.74
2	2	73.41
3	3	60.2
4	4	46.15
5	5	33.31
6	6	23.62
7	7	20.25
8	8	24.99
9	9	35.85
10	10	49.47
11	11	63.64
12	12	77.77
13	13	91.63
14	14	104.8
15	15	115.14
16	16	117.68
17	17	110.51
18	18	97.56
19	19	83.65
20	20	71.73
21	21	65.57
22	22	67.52
23	23	74.74
24	24	86.04
25	25	99.88
26	26	114.49
27	27	129.14
28	28	143.71
29	29	157.65
30	30	168.62
31	31	172.26
32	32	166.68
33	33	154.99
34	34	141.41
35	35	127.11
36	36	112.31
37	37	97.37
38	38	82.59
39	39	68.21
40	40	54.18
41	41	40.86
42	42	28.8
43	43	17.25
44	44	11.09
45	45	15.8
46	46	26.94
47	47	39.01
48	48	52.07
49	49	66.02
50	50	79.18
51	51	90.13
52	52	98.89
53	53	107.88
54	54	119.99
55	55	134.43
56	56	149.3
57	57	163.75
58	58	177.47
59	59	189.02
60	60	194.07
61	61	189.83
62	62	178.59
63	63	164.7
64	64	150.13
65	65	135.3
66	66	121.08
67	67	110.02
68	68	104.55
====================

