Gaussian Denoiser Window Size: 1
Predicted sites number: 6 
Predicted nucleotides number: 6 

Site#1:
7
Site#2:
16
Site#3:
21
Site#4:
31
Site#5:
44
Site#6:
60

extremaRank	extremaLoc	extremaNt	extremaNDS_gd
1	44	44	1.24
2	7	7	15.26
3	21	21	57.93
4	16	16	123.75
5	31	31	177.74
6	60	60	199.61

Gaussian Denoised Signal:
1	1	87.23
2	2	74.84
3	3	60.42
4	4	45.32
5	5	32.56
6	6	20.53
7	7	15.26
8	8	22.23
9	9	34.73
10	10	49.73
11	11	63.53
12	12	77.79
13	13	92.27
14	14	104.4
15	15	119.79
16	16	123.75
17	17	113.15
18	18	96.94
19	19	83.27
20	20	70.14
21	21	57.93
22	22	68.45
23	23	71.03
24	24	85.32
25	25	99.82
26	26	114.45
27	27	129.16
28	28	143.93
29	29	157.98
30	30	172.71
31	31	177.74
32	32	169.98
33	33	154.3
34	34	142.24
35	35	127.27
36	36	112.31
37	37	97.36
38	38	82.43
39	39	67.53
40	40	55.43
41	41	37.59
42	42	31.22
43	43	16.22
44	44	1.24
45	45	13.78
46	46	28.78
47	47	37.29
48	48	51.56
49	49	66.59
50	50	80.27
51	51	91.54
52	52	99.73
53	53	104.43
54	54	119.43
55	55	134.43
56	56	149.43
57	57	164.43
58	58	177.04
59	59	192.55
60	60	199.61
61	61	193.71
62	62	178.58
63	63	165.14
64	64	150.21
65	65	135.29
66	66	120.4
67	67	105.54
68	68	102.97
====================

Gaussian Denoiser Window Size: 2
Predicted sites number: 6 
Predicted nucleotides number: 6 

Site#1:
7
Site#2:
16
Site#3:
22
Site#4:
31
Site#5:
45
Site#6:
61

extremaRank	extremaLoc	extremaNt	extremaNDS_gd
1	45	45	7.51
2	7	7	17.89
3	22	22	63.19
4	16	16	121.77
5	31	31	175.22
6	61	61	196.66

Gaussian Denoised Signal:
1	1	87.23
2	2	81.04
3	3	67.63
4	4	52.87
5	5	38.94
6	6	26.54
7	7	17.89
8	8	18.75
9	9	28.48
10	10	42.23
11	11	56.63
12	12	70.66
13	13	85.03
14	14	98.34
15	15	112.09
16	16	121.77
17	17	118.45
18	18	105.04
19	19	90.1
20	20	76.7
21	21	64.03
22	22	63.19
23	23	69.74
24	24	78.17
25	25	92.57
26	26	107.13
27	27	121.8
28	28	136.54
29	29	150.95
30	30	165.34
31	31	175.22
32	32	173.86
33	33	162.14
34	34	148.27
35	35	134.75
36	36	119.79
37	37	104.83
38	38	89.89
39	39	74.98
40	40	61.48
41	41	46.51
42	42	34.4
43	43	23.72
44	44	8.73
45	45	7.51
46	46	21.28
47	47	33.04
48	48	44.43
49	49	59.07
50	50	73.43
51	51	85.9
52	52	95.63
53	53	102.08
54	54	111.93
55	55	126.93
56	56	141.93
57	57	156.93
58	58	170.73
59	59	184.79
60	60	196.08
61	61	196.66
62	62	186.14
63	63	171.86
64	64	157.67
65	65	142.75
66	66	127.85
67	67	112.97
68	68	104.26
====================

