"nt"	"ndc"
1	87.2287856779015
2	74.84407433528708
3	60.41550456838902
4	45.31798726989326
5	32.555504274195314
6	20.527700752743975
7	15.26035006402403
8	22.23453790218308
9	34.72609447290699
10	49.726267579916914
11	63.5348078760081
12	77.78587877149056
13	92.274591369456
14	104.40090547255001
15	119.78659280234247
16	123.74917526505959
17	113.14617984487288
18	96.93963076417302
19	83.26653066077891
20	70.13838629548998
21	57.92601408455111
22	68.45373973898741
23	71.02960287828688
24	85.31871938374621
25	99.81784109943983
26	114.44580666958933
27	129.1583433173727
28	143.93099221845276
29	157.9774397221476
30	172.705059255538
31	177.73717530913632
32	169.98453281052318
33	154.2964148461352
34	142.2367633491677
35	127.26719354011286
36	112.30722580199928
37	97.35847012377121
38	82.4293682652364
39	67.53051976777583
40	55.43240243851933
41	37.59052779256514
42	31.21813287865717
43	16.218657737675162
44	1.2355722965842366
45	13.784566706372752
46	28.783848694446572
47	37.29142236122963
48	51.55945850426505
49	66.58714278730211
50	80.27149383509527
51	91.53745137287399
52	99.72949133009209
53	104.43406093525955
54	119.43343717645593
55	134.43423283487022
56	149.4343490509543
57	164.4337385107916
58	177.0355741472188
59	192.55368891135453
60	199.61110648787022
61	193.70569244024048
62	178.57802490710785
63	165.13625678677337
64	150.20555668626082
65	135.29177977643937
66	120.39863977094682
67	105.5364351792369
68	102.9739263883886
