"nt"	"ndc"
1	90.04627014068143
2	104.86559313149384
3	119.72921925740047
4	134.62362728198235
5	142.81347510438724
6	157.5386705351631
7	172.31188782515162
8	182.04612981692307
9	183.9569970777617
10	177.54053862491452
11	164.54261335263652
12	149.03161846068264
13	137.11183354824945
14	122.52031218696528
15	108.04059243552862
16	93.724637941411
17	94.33031732661061
18	93.44213713595325
19	91.07656605746618
20	87.27309695725526
21	99.58714942504238
22	112.55593974335818
23	125.97561076260149
24	139.71800890334515
25	153.69486491556975
26	169.78865096211314
27	180.68192668045924
28	176.48760111760984
29	160.85820159792908
30	149.17077591619292
31	134.72539069506922
32	120.41460362030132
33	106.29516371657877
34	92.4523442678958
35	79.03414185736142
36	60.423014335331075
37	37.264051121512196
38	16.721946619594892
39	4.480000309418728
40	14.509034750507718
41	26.962102183938747
42	38.383634197415
43	45.04046769069129
44	59.95791782465127
45	74.9087299981722
46	89.87520428580541
47	104.85159053389076
48	113.98127627904931
49	128.35117544422903
50	143.14110122278785
51	154.77697647101945
52	161.09910416236107
53	176.0908068792674
54	191.0841791448546
55	206.07897383657146
56	221.0736365173616
57	237.1248235108132
58	247.04906545979512
59	237.35968280516312
60	221.21284571794098
61	206.22830505329128
62	191.24575101968128
63	176.2655881759412
64	161.29013196576634
65	155.31908708499176
66	143.9451034179715
67	129.25173074437052
68	114.72528551754374
69	105.14550454063993
70	90.21735444488662
71	75.31889887377612
72	60.470183375666096
73	45.7195514787192
74	35.73588029372769
75	17.482490523133194
76	10.732307127192788
77	19.358951822176337
78	27.854804772948217
79	37.667461201830946
80	47.567630749091514
81	57.03977112077578
82	65.7902349112477
83	73.61081636770517
84	80.34045895814714
