Gaussian Denoiser Window Size: 1
Predicted sites number: 6 
Predicted nucleotides number: 8 

Site#1:
9
Site#2:
16,17,20
Site#3:
27
Site#4:
39
Site#5:
58
Site#6:
76

extremaRank	extremaLoc	extremaNt	extremaNDS_gd
1	39	39	4.48
2	76	76	10.73
3	20	20	87.27
4	16	16	93.72
5	17	17	94.33
6	27	27	180.68
7	9	9	183.96
8	58	58	247.05

Gaussian Denoised Signal:
1	1	90.05
2	2	104.87
3	3	119.73
4	4	134.62
5	5	142.81
6	6	157.54
7	7	172.31
8	8	182.05
9	9	183.96
10	10	177.54
11	11	164.54
12	12	149.03
13	13	137.11
14	14	122.52
15	15	108.04
16	16	93.72
17	17	94.33
18	18	93.44
19	19	91.08
20	20	87.27
21	21	99.59
22	22	112.56
23	23	125.98
24	24	139.72
25	25	153.69
26	26	169.79
27	27	180.68
28	28	176.49
29	29	160.86
30	30	149.17
31	31	134.73
32	32	120.41
33	33	106.3
34	34	92.45
35	35	79.03
36	36	60.42
37	37	37.26
38	38	16.72
39	39	4.48
40	40	14.51
41	41	26.96
42	42	38.38
43	43	45.04
44	44	59.96
45	45	74.91
46	46	89.88
47	47	104.85
48	48	113.98
49	49	128.35
50	50	143.14
51	51	154.78
52	52	161.1
53	53	176.09
54	54	191.08
55	55	206.08
56	56	221.07
57	57	237.12
58	58	247.05
59	59	237.36
60	60	221.21
61	61	206.23
62	62	191.25
63	63	176.27
64	64	161.29
65	65	155.32
66	66	143.95
67	67	129.25
68	68	114.73
69	69	105.15
70	70	90.22
71	71	75.32
72	72	60.47
73	73	45.72
74	74	35.74
75	75	17.48
76	76	10.73
77	77	19.36
78	78	27.85
79	79	37.67
80	80	47.57
81	81	57.04
82	82	65.79
83	83	73.61
84	84	80.34
====================

Gaussian Denoiser Window Size: 2
Predicted sites number: 6 
Predicted nucleotides number: 6 

Site#1:
9
Site#2:
20
Site#3:
28
Site#4:
40
Site#5:
59
Site#6:
76

extremaRank	extremaLoc	extremaNt	extremaNDS_gd
1	40	40	9.49
2	76	76	14.11
3	20	20	89.17
4	28	28	178.58
5	9	9	183
6	59	59	242.2

Gaussian Denoised Signal:
1	1	90.05
2	2	97.46
3	3	112.3
4	4	127.18
5	5	138.72
6	6	150.18
7	7	164.93
8	8	177.18
9	9	183
10	10	180.75
11	11	171.04
12	12	156.79
13	13	143.07
14	14	129.82
15	15	115.28
16	16	100.88
17	17	94.03
18	18	93.89
19	19	92.26
20	20	89.17
21	21	93.43
22	22	106.07
23	23	119.27
24	24	132.85
25	25	146.71
26	26	161.74
27	27	175.24
28	28	178.58
29	29	168.67
30	30	155.01
31	31	141.95
32	32	127.57
33	33	113.35
34	34	99.37
35	35	85.74
36	36	69.73
37	37	48.84
38	38	26.99
39	39	10.6
40	40	9.49
41	41	20.74
42	42	32.67
43	43	41.71
44	44	52.5
45	45	67.43
46	46	82.39
47	47	97.36
48	48	109.42
49	49	121.17
50	50	135.75
51	51	148.96
52	52	157.94
53	53	168.59
54	54	183.59
55	55	198.58
56	56	213.58
57	57	229.1
58	58	242.09
59	59	242.2
60	60	229.29
61	61	213.72
62	62	198.74
63	63	183.76
64	64	168.78
65	65	158.3
66	66	149.63
67	67	136.6
68	68	121.99
69	69	109.94
70	70	97.68
71	71	82.77
72	72	67.89
73	73	53.09
74	74	40.73
75	75	26.61
76	76	14.11
77	77	15.05
78	78	23.61
79	79	32.76
80	80	42.62
81	81	52.3
82	82	61.42
83	83	69.7
84	84	76.98
====================

