Gaussian Denoiser Window Size: 1
Predicted sites number: 5 
Predicted nucleotides number: 7 

Site#1:
1
Site#2:
8,10,13
Site#3:
20
Site#4:
29
Site#5:
36

extremaRank	extremaLoc	extremaNt	extremaNDS_gd
1	29	29	13.58
2	13	13	19.37
3	8	8	24.71
4	10	10	26.37
5	20	20	109.89
6	36	36	110.26
7	1	1	111.64

Gaussian Denoised Signal:
1	1	111.64
2	2	96.86
3	3	82.16
4	4	67.59
5	5	53.27
6	6	47.93
7	7	38.01
8	8	24.71
9	9	26.22
10	10	26.37
11	11	25.15
12	12	22.7
13	13	19.37
14	14	31.97
15	15	46.93
16	16	60.39
17	17	67.07
18	18	81.82
19	19	97.17
20	20	109.89
21	21	109.02
22	22	95.22
23	23	80.75
24	24	65.75
25	25	56.78
26	26	42.12
27	27	29.12
28	28	14.17
29	29	13.58
30	30	20.31
31	31	35.3
32	32	50.3
33	33	65.28
34	34	80.27
35	35	95.26
36	36	110.26
====================

Gaussian Denoiser Window Size: 2
Predicted sites number: 5 
Predicted nucleotides number: 7 

Site#1:
1
Site#2:
9,10,13
Site#3:
21
Site#4:
29
Site#5:
36

extremaRank	extremaLoc	extremaNt	extremaNDS_gd
1	29	29	13.88
2	13	13	21.04
3	9	9	25.47
4	10	10	26.3
5	36	36	102.76
6	21	21	109.45
7	1	1	111.64

Gaussian Denoised Signal:
1	1	111.64
2	2	104.25
3	3	89.51
4	4	74.88
5	5	60.43
6	6	50.6
7	7	42.97
8	8	31.36
9	9	25.47
10	10	26.3
11	11	25.76
12	12	23.93
13	13	21.04
14	14	25.67
15	15	39.45
16	16	53.66
17	17	63.73
18	18	74.44
19	19	89.5
20	20	103.53
21	21	109.45
22	22	102.12
23	23	87.98
24	24	73.25
25	25	61.26
26	26	49.45
27	27	35.62
28	28	21.64
29	29	13.88
30	30	16.95
31	31	27.8
32	32	42.8
33	33	57.79
34	34	72.78
35	35	87.77
36	36	102.76
====================

