"nt"	"ndc"
1	111.64337718025969
2	96.86332898237116
3	82.16304117351304
4	67.59457203218119
5	53.26619004159267
6	47.92626977211231
7	38.00520415010963
8	24.712714234273104
9	26.221005988464047
10	26.37204028032468
11	25.15068337468655
12	22.702141324415518
13	19.36849807727204
14	31.971333500885553
15	46.92698201452459
16	60.385021072120225
17	67.0656471277075
18	81.82116375800175
19	97.17275571597197
20	109.88717542068301
21	109.01632877434444
22	95.218989599953
23	80.74884834742822
24	65.75270126806252
25	56.77664847640918
26	42.12439521349388
27	29.117053363056318
28	14.168726095107477
29	13.58147303589878
30	20.308722760384963
31	35.30044642529107
32	50.299423471318896
33	65.28224236508525
34	80.27147896283212
35	95.26410395079074
36	110.25873511071008
