Gaussian Denoiser Window Size: 1
Predicted sites number: 5 
Predicted nucleotides number: 7 

Site#1:
1
Site#2:
8,10,13
Site#3:
20
Site#4:
29
Site#5:
36

extremaRank	extremaLoc	extremaNt	extremaNDS_gd
1	29	29	13.58
2	13	13	19.37
3	8	8	24.71
4	10	10	26.37
5	20	20	109.89
6	36	36	110.26
7	1	1	111.64

Gaussian Denoised Signal:
1	1	111.64
2	2	96.86
3	3	82.16
4	4	67.59
5	5	53.27
6	6	47.93
7	7	38.01
8	8	24.71
9	9	26.22
10	10	26.37
11	11	25.15
12	12	22.7
13	13	19.37
14	14	31.97
15	15	46.93
16	16	60.39
17	17	67.07
18	18	81.82
19	19	97.17
20	20	109.89
21	21	109.02
22	22	95.22
23	23	80.75
24	24	65.75
25	25	56.78
26	26	42.12
27	27	29.12
28	28	14.17
29	29	13.58
30	30	20.31
31	31	35.3
32	32	50.3
33	33	65.28
34	34	80.27
35	35	95.26
36	36	110.26
====================

Gaussian Denoiser Window Size: 2
Predicted sites number: 5 
Predicted nucleotides number: 7 

Site#1:
1
Site#2:
9,10,13
Site#3:
21
Site#4:
29
Site#5:
36

extremaRank	extremaLoc	extremaNt	extremaNDS_gd
1	29	29	13.88
2	13	13	21.04
3	9	9	25.47
4	10	10	26.3
5	36	36	102.76
6	21	21	109.45
7	1	1	111.64

Gaussian Denoised Signal:
1	1	111.64
2	2	104.25
3	3	89.51
4	4	74.88
5	5	60.43
6	6	50.6
7	7	42.97
8	8	31.36
9	9	25.47
10	10	26.3
11	11	25.76
12	12	23.93
13	13	21.04
14	14	25.67
15	15	39.45
16	16	53.66
17	17	63.73
18	18	74.44
19	19	89.5
20	20	103.53
21	21	109.45
22	22	102.12
23	23	87.98
24	24	73.25
25	25	61.26
26	26	49.45
27	27	35.62
28	28	21.64
29	29	13.88
30	30	16.95
31	31	27.8
32	32	42.8
33	33	57.79
34	34	72.78
35	35	87.77
36	36	102.76
====================

Gaussian Denoiser Window Size: 3
Predicted sites number: 5 
Predicted nucleotides number: 7 

Site#1:
1
Site#2:
9,10,12
Site#3:
20
Site#4:
29
Site#5:
36

extremaRank	extremaLoc	extremaNt	extremaNDS_gd
1	29	29	15.59
2	12	12	22.46
3	9	9	25.85
4	10	10	26
5	36	36	106.15
6	20	20	106.16
7	1	1	107.59

Gaussian Denoised Signal:
1	1	107.59
2	2	96.89
3	3	82.2
4	4	67.66
5	5	55.73
6	6	46.67
7	7	37.08
8	8	28.77
9	9	25.85
10	10	26
11	11	24.81
12	12	22.46
13	13	23.74
14	14	32.62
15	15	46.52
16	16	58.53
17	17	69.28
18	18	81.98
19	19	96.45
20	20	106.16
21	21	105.47
22	22	95.03
23	23	80.6
24	24	67.4
25	25	55.22
26	26	42.58
27	27	28.59
28	28	18.1
29	29	15.59
30	30	22.57
31	31	35.3
32	32	50.29
33	33	65.28
34	34	80.27
35	35	95.26
36	36	106.15
====================

Gaussian Denoiser Window Size: 4
Predicted sites number: 5 
Predicted nucleotides number: 5 

Site#1:
1
Site#2:
13
Site#3:
21
Site#4:
29
Site#5:
36

extremaRank	extremaLoc	extremaNt	extremaNDS_gd
1	29	29	16.79
2	13	13	23.06
3	36	36	100.75
4	21	21	105.89
5	1	1	109.66

Gaussian Denoised Signal:
1	1	109.66
2	2	102.28
3	3	89.54
4	4	74.93
5	5	61.67
6	6	51.19
7	7	41.9
8	8	32.9
9	9	27.27
10	10	25.93
11	11	25.41
12	12	23.64
13	13	23.06
14	14	28.13
15	15	39.56
16	16	52.54
17	17	63.9
18	18	75.61
19	19	89.22
20	20	101.35
21	21	105.89
22	22	100.29
23	23	87.82
24	24	73.99
25	25	61.31
26	26	48.91
27	27	35.58
28	28	23.31
29	29	16.79
30	30	19.04
31	31	28.92
32	32	42.8
33	33	57.79
34	34	72.78
35	35	87.77
36	36	100.75
====================

Gaussian Denoiser Window Size: 5
Predicted sites number: 5 
Predicted nucleotides number: 5 

Site#1:
1
Site#2:
12
Site#3:
20
Site#4:
29
Site#5:
36

extremaRank	extremaLoc	extremaNt	extremaNDS_gd
1	29	29	17.4
2	12	12	23.19
3	20	20	104.24
4	36	36	104.96
5	1	1	106.43

Gaussian Denoised Signal:
1	1	106.43
2	2	96.09
3	3	82.23
4	4	68.18
5	5	56.2
6	6	46.61
7	7	37.37
8	8	29.68
9	9	26.47
10	10	25.75
11	11	24.59
12	12	23.19
13	13	25.08
14	14	33.59
15	15	46.16
16	16	58.35
17	17	69.58
18	18	82.33
19	19	95.53
20	20	104.24
21	21	103.67
22	22	94.25
23	23	80.85
24	24	67.54
25	25	55.19
26	26	42.29
27	27	29.3
28	28	19.53
29	29	17.4
30	30	23.63
31	31	35.75
32	32	50.29
33	33	65.28
34	34	80.27
35	35	94.45
36	36	104.96
====================

