"nt"	"ndc"
1	33.33470842610262
2	48.034104163151646
3	63.152326288583595
4	74.32438417449413
5	89.38031983219174
6	102.52321519656107
7	102.44888999390041
8	89.21370421515273
9	74.23087903388722
10	62.92864427973588
11	47.88928379065936
12	33.12560643897786
13	24.470729125177165
14	10.627137267318941
15	9.95298294960932
16	23.133891948653787
17	37.69988471850759
18	49.07864080638
19	64.37956060574479
20	78.50017365389704
21	88.98805350945524
22	94.56117731283153
23	94.63689166841718
24	89.20542425942995
25	78.83710893466261
26	64.78797624048113
27	49.46886113749108
28	37.88313778665854
29	23.431341776906006
30	10.62603831959055
31	11.26084936413166
